  PWAT-PARM3
*** < PLS>    PETMAX    PETMIN    INFEXP    INFILD    DEEPFR    BASETP    AGWETP
*** x  - x   (deg F)   (deg F)
***<IHM_PWAT_PARM3>
   11             40        35     2.000         2      1.00         0         0
   12             40        35     2.000         2      1.00         0         0
   13             40        35     2.000         2      1.00         0         0
   14             40        35     2.000         2      1.00         0         0
   15             40        35     2.000         2      1.00         0         0
   21             40        35     2.000         2      1.00         0         0
   22             40        35     2.000         2      1.00         0         0
   23             40        35     2.000         2      1.00         0         0
   24             40        35     2.000         2      1.00         0         0
   25             40        35     2.000         2      1.00         0         0
   31             40        35     2.000         2      1.00         0         0
   32             40        35     2.000         2      1.00         0         0
   33             40        35     2.000         2      1.00         0         0
   35             40        35     2.000         2      1.00         0         0
   41             40        35     2.000         2      1.00         0         0
   42             40        35     2.000         2      1.00         0         0
   43             40        35     2.000         2      1.00         0         0
   44             40        35     2.000         2      1.00         0         0
   45             40        35     2.000         2      1.00         0         0
   51             40        35     2.000         2      1.00         0         0
   52             40        35     2.000         2      1.00         0         0
   53             40        35     2.000         2      1.00         0         0
   54             40        35     2.000         2      1.00         0         0
   55             40        35     2.000         2      1.00         0         0
   61             40        35     2.000         2      1.00         0         0
   62             40        35     2.000         2      1.00         0         0
   63             40        35     2.000         2      1.00         0         0
   64             40        35     2.000         2      1.00         0         0
   65             40        35     2.000         2      1.00         0         0
   71             40        35     2.000         2      1.00         0         0
   72             40        35     2.000         2      1.00         0         0
   73             40        35     2.000         2      1.00         0         0
   75             40        35     2.000         2      1.00         0         0
   81             40        35     2.000         2      1.00         0         0
   82             40        35     2.000         2      1.00         0         0
   83             40        35     2.000         2      1.00         0         0
   84             40        35     2.000         2      1.00         0         0
   85             40        35     2.000         2      1.00         0         0
   91             40        35     2.000         2      1.00         0         0
   92             40        35     2.000         2      1.00         0         0
   94             40        35     2.000         2      1.00         0         0
   95             40        35     2.000         2      1.00         0         0
  101             40        35     2.000         2      1.00         0         0
  102             40        35     2.000         2      1.00         0         0
  103             40        35     2.000         2      1.00         0         0
  104             40        35     2.000         2      1.00         0         0
  105             40        35     2.000         2      1.00         0         0
  111             40        35     3.880         2      1.00         0         0
  112             40        35     3.880         2      1.00         0         0
  113             40        35     3.880         2      1.00         0         0
  114             40        35     3.880         2      1.00         0         0
  115             40        35     3.880         2      1.00         0         0
  121             40        35     3.880         2      1.00         0         0
  122             40        35     3.880         2      1.00         0         0
  123             40        35     3.880         2      1.00         0         0
  124             40        35     3.880         2      1.00         0         0
  125             40        35     3.880         2      1.00         0         0
  131             40        35     3.880         2      1.00         0         0
  132             40        35     3.880         2      1.00         0         0
  133             40        35     3.880         2      1.00         0         0
  134             40        35     3.880         2      1.00         0         0
  135             40        35     3.880         2      1.00         0         0
  141             40        35     2.000         2      1.00         0         0
  142             40        35     2.000         2      1.00         0         0
  143             40        35     2.000         2      1.00         0         0
  144             40        35     2.000         2      1.00         0         0
  145             40        35     2.000         2      1.00         0         0
  151             40        35     2.000         2      1.00         0         0
  152             40        35     2.000         2      1.00         0         0
  153             40        35     2.000         2      1.00         0         0
  154             40        35     2.000         2      1.00         0         0
  155             40        35     2.000         2      1.00         0         0
  161             40        35     2.000         2      1.00         0         0
  162             40        35     2.000         2      1.00         0         0
  163             40        35     2.000         2      1.00         0         0
  164             40        35     2.000         2      1.00         0         0
  165             40        35     2.000         2      1.00         0         0
  171             40        35     2.000         2      1.00         0         0
  172             40        35     2.000         2      1.00         0         0
  173             40        35     2.000         2      1.00         0         0
  174             40        35     2.000         2      1.00         0         0
  175             40        35     2.000         2      1.00         0         0
  181             40        35     4.360         2      1.00         0         0
  182             40        35     4.360         2      1.00         0         0
  183             40        35     4.360         2      1.00         0         0
  184             40        35     4.360         2      1.00         0         0
  185             40        35     4.360         2      1.00         0         0
  191             40        35     4.360         2      1.00         0         0
  192             40        35     4.360         2      1.00         0         0
  193             40        35     4.360         2      1.00         0         0
  194             40        35     4.360         2      1.00         0         0
  195             40        35     4.360         2      1.00         0         0
  201             40        35     3.100         2      1.00         0         0
  202             40        35     3.100         2      1.00         0         0
  203             40        35     3.100         2      1.00         0         0
  204             40        35     3.100         2      1.00         0         0
  205             40        35     3.100         2      1.00         0         0
  211             40        35     3.100         2      1.00         0         0
  212             40        35     3.100         2      1.00         0         0
  213             40        35     3.100         2      1.00         0         0
  214             40        35     3.100         2      1.00         0         0
  215             40        35     3.100         2      1.00         0         0
  221             40        35     3.100         2      1.00         0         0
  222             40        35     3.100         2      1.00         0         0
  223             40        35     3.100         2      1.00         0         0
  224             40        35     3.100         2      1.00         0         0
  225             40        35     3.100         2      1.00         0         0
  231             40        35     3.340         2      1.00         0         0
  232             40        35     3.340         2      1.00         0         0
  233             40        35     3.340         2      1.00         0         0
  234             40        35     3.340         2      1.00         0         0
  235             40        35     3.340         2      1.00         0         0
  241             40        35     3.160         2      1.00         0         0
  242             40        35     3.160         2      1.00         0         0
  243             40        35     3.160         2      1.00         0         0
  244             40        35     3.160         2      1.00         0         0
  245             40        35     3.160         2      1.00         0         0
  251             40        35     3.160         2      1.00         0         0
  252             40        35     3.160         2      1.00         0         0
  253             40        35     3.160         2      1.00         0         0
  254             40        35     3.160         2      1.00         0         0
  255             40        35     3.160         2      1.00         0         0
  261             40        35     3.040         2      1.00         0         0
  262             40        35     3.040         2      1.00         0         0
  263             40        35     3.040         2      1.00         0         0
  264             40        35     3.040         2      1.00         0         0
  265             40        35     3.040         2      1.00         0         0
  271             40        35     3.040         2      1.00         0         0
  272             40        35     3.040         2      1.00         0         0
  273             40        35     3.040         2      1.00         0         0
  274             40        35     3.040         2      1.00         0         0
  275             40        35     3.040         2      1.00         0         0
  281             40        35     3.040         2      1.00         0         0
  282             40        35     3.040         2      1.00         0         0
  283             40        35     3.040         2      1.00         0         0
  284             40        35     3.040         2      1.00         0         0
  285             40        35     3.040         2      1.00         0         0
  291             40        35     3.100         2      1.00         0         0
  292             40        35     3.100         2      1.00         0         0
  293             40        35     3.100         2      1.00         0         0
  295             40        35     3.100         2      1.00         0         0
  311             40        35     3.100         2      1.00         0         0
  312             40        35     3.100         2      1.00         0         0
  313             40        35     3.100         2      1.00         0         0
  315             40        35     3.100         2      1.00         0         0
  321             40        35     3.100         2      1.00         0         0
  322             40        35     3.100         2      1.00         0         0
  323             40        35     3.100         2      1.00         0         0
  325             40        35     3.100         2      1.00         0         0
  331             40        35     3.100         2      1.00         0         0
  332             40        35     3.100         2      1.00         0         0
  333             40        35     3.100         2      1.00         0         0
  334             40        35     3.100         2      1.00         0         0
  335             40        35     3.100         2      1.00         0         0
  341             40        35     3.809         2      1.00         0         0
  342             40        35     3.809         2      1.00         0         0
  343             40        35     3.809         2      1.00         0         0
  344             40        35     3.809         2      1.00         0         0
  345             40        35     3.809         2      1.00         0         0
  351             40        35     3.809         2      1.00         0         0
  352             40        35     3.809         2      1.00         0         0
  353             40        35     3.809         2      1.00         0         0
  354             40        35     3.809         2      1.00         0         0
  355             40        35     3.809         2      1.00         0         0
  361             40        35     3.809         2      1.00         0         0
  362             40        35     3.809         2      1.00         0         0
  363             40        35     3.809         2      1.00         0         0
  365             40        35     3.809         2      1.00         0         0
  371             40        35     3.809         2      1.00         0         0
  372             40        35     3.809         2      1.00         0         0
  373             40        35     3.809         2      1.00         0         0
  374             40        35     3.809         2      1.00         0         0
  375             40        35     3.809         2      1.00         0         0
  381             40        35     3.809         2      1.00         0         0
  382             40        35     3.809         2      1.00         0         0
  383             40        35     3.809         2      1.00         0         0
  385             40        35     3.809         2      1.00         0         0
  391             40        35     3.809         2      1.00         0         0
  392             40        35     3.809         2      1.00         0         0
  393             40        35     3.809         2      1.00         0         0
  394             40        35     3.809         2      1.00         0         0
  395             40        35     3.809         2      1.00         0         0
  401             40        35     2.000         2      1.00         0         0
  402             40        35     2.000         2      1.00         0         0
  403             40        35     2.000         2      1.00         0         0
  405             40        35     2.000         2      1.00         0         0
  411             40        35     2.000         2      1.00         0         0
  412             40        35     2.000         2      1.00         0         0
  413             40        35     2.000         2      1.00         0         0
  414             40        35     2.000         2      1.00         0         0
  415             40        35     2.000         2      1.00         0         0
  421             40        35     2.000         2      1.00         0         0
  422             40        35     2.000         2      1.00         0         0
  423             40        35     2.000         2      1.00         0         0
  424             40        35     2.000         2      1.00         0         0
  425             40        35     2.000         2      1.00         0         0
  501             40        35     2.000         2      1.00         0         0
  502             40        35     2.000         2      1.00         0         0
  503             40        35     2.000         2      1.00         0         0
  504             40        35     2.000         2      1.00         0         0
  505             40        35     2.000         2      1.00         0         0
  711             40        35     7.040         2      1.00         0         0
  712             40        35     7.040         2      1.00         0         0
  713             40        35     7.040         2      1.00         0         0
  811             40        35     2.000         2      1.00         0         0
  812             40        35     2.000         2      1.00         0         0
  813             40        35     2.000         2      1.00         0         0
  814             40        35     2.000         2      1.00         0         0
  815             40        35     2.000         2      1.00         0         0
  821             40        35     2.000         2      1.00         0         0
  822             40        35     2.000         2      1.00         0         0
  823             40        35     2.000         2      1.00         0         0
  824             40        35     2.000         2      1.00         0         0
  825             40        35     2.000         2      1.00         0         0
  831             40        35     2.000         2      1.00         0         0
  832             40        35     2.000         2      1.00         0         0
  833             40        35     2.000         2      1.00         0         0
  834             40        35     2.000         2      1.00         0         0
  835             40        35     2.000         2      1.00         0         0
  841             40        35     2.842         2      1.00         0         0
  842             40        35     2.842         2      1.00         0         0
  843             40        35     2.842         2      1.00         0         0
  844             40        35     2.842         2      1.00         0         0
  845             40        35     2.842         2      1.00         0         0
  851             40        35     2.842         2      1.00         0         0
  852             40        35     2.842         2      1.00         0         0
  853             40        35     2.842         2      1.00         0         0
  854             40        35     2.842         2      1.00         0         0
  855             40        35     2.842         2      1.00         0         0
  861             40        35     2.842         2      1.00         0         0
  862             40        35     2.842         2      1.00         0         0
  863             40        35     2.842         2      1.00         0         0
  864             40        35     2.842         2      1.00         0         0
  865             40        35     2.842         2      1.00         0         0
  871             40        35     2.842         2      1.00         0         0
  872             40        35     2.842         2      1.00         0         0
  873             40        35     2.842         2      1.00         0         0
  875             40        35     2.842         2      1.00         0         0
  881             40        35     2.842         2      1.00         0         0
  882             40        35     2.842         2      1.00         0         0
  883             40        35     2.842         2      1.00         0         0
  884             40        35     2.842         2      1.00         0         0
  885             40        35     2.842         2      1.00         0         0
  891             40        35     2.842         2      1.00         0         0
  892             40        35     2.842         2      1.00         0         0
  893             40        35     2.842         2      1.00         0         0
  895             40        35     2.842         2      1.00         0         0
  901             40        35     2.842         2      1.00         0         0
  902             40        35     2.842         2      1.00         0         0
  911             40        35     2.842         2      1.00         0         0
  912             40        35     2.842         2      1.00         0         0
  913             40        35     2.842         2      1.00         0         0
  915             40        35     2.842         2      1.00         0         0
  921             40        35     2.842         2      1.00         0         0
  922             40        35     2.842         2      1.00         0         0
  923             40        35     2.842         2      1.00         0         0
  925             40        35     2.842         2      1.00         0         0
  931             40        35     2.842         2      1.00         0         0
  932             40        35     2.842         2      1.00         0         0
  933             40        35     2.842         2      1.00         0         0
  935             40        35     2.842         2      1.00         0         0
  941             40        35     7.040         2      1.00         0         0
  942             40        35     7.040         2      1.00         0         0
  943             40        35     7.040         2      1.00         0         0
  944             40        35     7.040         2      1.00         0         0
  945             40        35     7.040         2      1.00         0         0
  951             40        35     7.040         2      1.00         0         0
  952             40        35     7.040         2      1.00         0         0
  953             40        35     7.040         2      1.00         0         0
  954             40        35     7.040         2      1.00         0         0
  955             40        35     7.040         2      1.00         0         0
  961             40        35     7.040         2      1.00         0         0
  962             40        35     7.040         2      1.00         0         0
  963             40        35     7.040         2      1.00         0         0
  965             40        35     7.040         2      1.00         0         0
  971             40        35     2.000         2      1.00         0         0
  972             40        35     2.000         2      1.00         0         0
  973             40        35     2.000         2      1.00         0         0
  974             40        35     2.000         2      1.00         0         0
  975             40        35     2.000         2      1.00         0         0
  981             40        35     2.000         2      1.00         0         0
  982             40        35     2.000         2      1.00         0         0
  983             40        35     2.000         2      1.00         0         0
  984             40        35     2.000         2      1.00         0         0
  985             40        35     2.000         2      1.00         0         0
  991             40        35     2.000         2      1.00         0         0
  992             40        35     2.000         2      1.00         0         0
  993             40        35     2.000         2      1.00         0         0
  994             40        35     2.000         2      1.00         0         0
  995             40        35     2.000         2      1.00         0         0
***</IHM_PWAT_PARM3>

  END PWAT-PARM3
