  PWAT-PARM2
*** < PLS>    FOREST      LZSN    INFILT      LSUR     SLSUR     KVARY     AGWRC
*** x  - x                (in)   (in/hr)      (ft)              (1/in)   (1/day)
***<IHM_PWAT_PARM2>
   11              0      0.01     0.709       400   0.00485         0      0.99
   12              0      0.01     0.684       161   0.00458         0      0.99
   13              0      0.01     0.694       191   0.00602         0      0.99
   14              0      0.01     0.714       145   0.00585         0      0.99
   15              0      0.01     0.714        78   0.00413         0      0.99
   21              0      0.01     0.678       400   0.00491         0      0.99
   22              0      0.01     0.699       161   0.00424         0      0.99
   23              0      0.01     0.690       184   0.00489         0      0.99
   24              0      0.01     0.710       247   0.00543         0      0.99
   25              0      0.01     0.687        79   0.00457         0      0.99
   31              0      0.01     0.714       400   0.01075         0      0.99
   32              0      0.01     0.731       160   0.00741         0      0.99
   33              0      0.01     0.722       240   0.00746         0      0.99
   35              0      0.01     0.750        80   0.00768         0      0.99
   41              0      0.01     0.648       400   0.00391         0      0.99
   42              0      0.01     0.666       164   0.00402         0      0.99
   43              0      0.01     0.656       162    0.0039         0      0.99
   44              0      0.01     0.714       300   0.00327         0      0.99
   45              0      0.01     0.664        79   0.00431         0      0.99
   51              0      0.01     0.679       400   0.00348         0      0.99
   52              0      0.01     0.712       180   0.00319         0      0.99
   53              0      0.01     0.705       195   0.00577         0      0.99
   54              0      0.01     0.714       300   0.00408         0      0.99
   55              0      0.01     0.700        78    0.0036         0      0.99
   61              0      0.01     0.536       400   0.00414         0      0.99
   62              0      0.01     0.714       164   0.00518         0      0.99
   63              0      0.01     0.714       162   0.00273         0      0.99
   64              0      0.01     0.714       300    0.0047         0      0.99
   65              0      0.01     0.711        80   0.00511         0      0.99
   71              0      0.01     0.650       400   0.00113         0      0.99
   72              0      0.01     0.673       218   0.00128         0      0.99
   73              0      0.01     0.672       160   0.00216         0      0.99
   75              0      0.01     0.714        75   0.00055         0      0.99
   81              0      0.01     0.709       400   0.00186         0      0.99
   82              0      0.01     0.709       177   0.00169         0      0.99
   83              0      0.01     0.707       162   0.00218         0      0.99
   84              0      0.01     0.660       167   0.00264         0      0.99
   85              0      0.01     0.709        76   0.00198         0      0.99
   91              0      0.01     0.718       400   0.00238         0      0.99
   92              0      0.01     0.714       178   0.00146         0      0.99
   94              0      0.01     0.714       300    0.0005         0      0.99
   95              0      0.01     0.714        80   0.00072         0      0.99
  101              0      0.01     0.614       400   0.00285         0      0.99
  102              0      0.01     0.653       180   0.00357         0      0.99
  103              0      0.01     0.673       224   0.00727         0      0.99
  104              0      0.01     0.714       100   0.00486         0      0.99
  105              0      0.01     0.708        73   0.00453         0      0.99
  111              0      0.01     3.628       400   0.00729         0      0.99
  112              0      0.01     3.586       160   0.00758         0      0.99
  113              0      0.01     3.553       231   0.00657         0      0.99
  114              0      0.01     3.555       147   0.00571         0      0.99
  115              0      0.01     3.533        67   0.00504         0      0.99
  121              0      0.01     3.524       400   0.00175         0      0.99
  122              0      0.01     3.542       218   0.00144         0      0.99
  123              0      0.01     3.525       209   0.00267         0      0.99
  124              0      0.01     3.555       300   0.00069         0      0.99
  125              0      0.01     3.544        64   0.00271         0      0.99
  131              0      0.01     3.602       400   0.00151         0      0.99
  132              0      0.01     3.566       231   0.00131         0      0.99
  133              0      0.01     3.555       160   0.00095         0      0.99
  134              0      0.01     3.555       300   0.00208         0      0.99
  135              0      0.01     3.612        67   0.00146         0      0.99
  141              0      0.01     1.977       400   0.00624         0      0.99
  142              0      0.01     2.029       162   0.00478         0      0.99
  143              0      0.01     2.072       203   0.00791         0      0.99
  144              0      0.01     1.984       300   0.00349         0      0.99
  145              0      0.01     2.058        73    0.0061         0      0.99
  151              0      0.01     1.874       400   0.00737         0      0.99
  152              0      0.01     2.078       163   0.00635         0      0.99
  153              0      0.01     2.090       235   0.00711         0      0.99
  154              0      0.01     2.114       138   0.00253         0      0.99
  155              0      0.01     2.088        80   0.00499         0      0.99
  161              0      0.01     2.081       400   0.00274         0      0.99
  162              0      0.01     2.103       175   0.00166         0      0.99
  163              0      0.01     1.966       154   0.00254         0      0.99
  164              0      0.01     2.051       181   0.00194         0      0.99
  165              0      0.01     2.044        80   0.00468         0      0.99
  171              0      0.01     2.067       400   0.00465         0      0.99
  172              0      0.01     2.070       166   0.00361         0      0.99
  173              0      0.01     2.105       223   0.00403         0      0.99
  174              0      0.01     2.120       192   0.00319         0      0.99
  175              0      0.01     2.057        80   0.00612         0      0.99
  181              0      0.01     0.824       400   0.00156         0      0.99
  182              0      0.01     1.045       175   0.00131         0      0.99
  183              0      0.01     1.078       240   0.00112         0      0.99
  184              0      0.01     0.894       239   0.00056         0      0.99
  185              0      0.01     1.040        80   0.00153         0      0.99
  191              0      0.01     0.767       400   0.00151         0      0.99
  192              0      0.01     1.016       177   0.00241         0      0.99
  193              0      0.01     1.051       232   0.00757         0      0.99
  194              0      0.01     1.063       205   0.00463         0      0.99
  195              0      0.01     0.939        80   0.00226         0      0.99
  201              0      0.01     0.747       400   0.00278         0      0.99
  202              0      0.01     0.833       163   0.00331         0      0.99
  203              0      0.01     0.870       198   0.00295         0      0.99
  204              0      0.01     0.826       236   0.00524         0      0.99
  205              0      0.01     0.786        75   0.00301         0      0.99
  211              0      0.01     0.852       400   0.00235         0      0.99
  212              0      0.01     0.856       162   0.00254         0      0.99
  213              0      0.01     0.861       234   0.00195         0      0.99
  214              0      0.01     0.860       300   0.00488         0      0.99
  215              0      0.01     0.857        63   0.00334         0      0.99
  221              0      0.01     0.704       400   0.00312         0      0.99
  222              0      0.01     0.820       172   0.00296         0      0.99
  223              0      0.01     0.857       225   0.00288         0      0.99
  224              0      0.01     0.956       300   0.00228         0      0.99
  225              0      0.01     0.816        62   0.00355         0      0.99
  231              0      0.01     3.052       400   0.00187         0      0.99
  232              0      0.01     3.158       194   0.00161         0      0.99
  233              0      0.01     3.245       177   0.00243         0      0.99
  234              0      0.01     3.250       110   0.00143         0      0.99
  235              0      0.01     3.168        64    0.0024         0      0.99
  241              0      0.01     1.108       400   0.00374         0      0.99
  242              0      0.01     1.107       161   0.00398         0      0.99
  243              0      0.01     1.108       237   0.00391         0      0.99
  244              0      0.01     1.108       277    0.0043         0      0.99
  245              0      0.01     1.107        62   0.00381         0      0.99
  251              0      0.01     1.058       400   0.00257         0      0.99
  252              0      0.01     1.087       197   0.00271         0      0.99
  253              0      0.01     0.973       204   0.00384         0      0.99
  254              0      0.01     1.108       300   0.00205         0      0.99
  255              0      0.01     1.093        65   0.00382         0      0.99
  261              0      0.01     0.607       400   0.00437         0      0.99
  262              0      0.01     0.643       163   0.00456         0      0.99
  263              0      0.01     0.607       160   0.00362         0      0.99
  264              0      0.01     0.650       300     0.003         0      0.99
  265              0      0.01     0.641        57   0.00468         0      0.99
  271              0      0.01     0.650       400   0.00549         0      0.99
  272              0      0.01     0.647       162   0.00539         0      0.99
  273              0      0.01     0.641       160   0.00702         0      0.99
  274              0      0.01     0.650       100   0.00359         0      0.99
  275              0      0.01     0.626        56   0.00538         0      0.99
  281              0      0.01     0.632       400   0.00593         0      0.99
  282              0      0.01     0.632       164   0.00642         0      0.99
  283              0      0.01     0.631       162   0.00539         0      0.99
  284              0      0.01     0.619       133   0.00548         0      0.99
  285              0      0.01     0.619        45   0.00526         0      0.99
  291              0      0.01     0.650       400   0.00481         0      0.99
  292              0      0.01     0.648       160   0.00353         0      0.99
  293              0      0.01     0.636       160   0.00548         0      0.99
  295              0      0.01     0.639        47   0.00398         0      0.99
  311              0      0.01     0.617       400   0.00181         0      0.99
  312              0      0.01     0.632       160   0.00433         0      0.99
  313              0      0.01     0.599       166    0.0025         0      0.99
  315              0      0.01     0.617        42   0.00347         0      0.99
  321              0      0.01     0.644       400   0.00492         0      0.99
  322              0      0.01     0.606       160   0.00639         0      0.99
  323              0      0.01     0.618       161   0.00408         0      0.99
  325              0      0.01     0.614        43   0.00349         0      0.99
  331              0      0.01     0.635       400   0.00221         0      0.99
  332              0      0.01     0.607       160   0.00247         0      0.99
  333              0      0.01     0.601       160    0.0023         0      0.99
  334              0      0.01     0.612       177   0.00189         0      0.99
  335              0      0.01     0.601        52    0.0022         0      0.99
  341              0      0.01     3.019       400   0.00633         0      0.99
  342              0      0.01     2.998       161   0.00552         0      0.99
  343              0      0.01     3.208       233   0.00819         0      0.99
  344              0      0.01     2.963       109   0.00595         0      0.99
  345              0      0.01     3.145        70   0.00633         0      0.99
  351              0      0.01     2.777       400   0.00357         0      0.99
  352              0      0.01     2.395       163   0.00238         0      0.99
  353              0      0.01     2.956       161   0.00383         0      0.99
  354              0      0.01     2.487       300    0.0014         0      0.99
  355              0      0.01     2.900        66   0.00403         0      0.99
  361              0      0.01     3.250       400   0.00538         0      0.99
  362              0      0.01     3.250       162   0.00422         0      0.99
  363              0      0.01     3.250       166   0.00501         0      0.99
  365              0      0.01     3.237        58   0.00501         0      0.99
  371              0      0.01     3.288       400   0.00529         0      0.99
  372              0      0.01     3.254       162    0.0032         0      0.99
  373              0      0.01     3.250       113   0.00264         0      0.99
  374              0      0.01     3.250       300   0.00728         0      0.99
  375              0      0.01     3.291        46   0.00338         0      0.99
  381              0      0.01     2.792       400   0.00392         0      0.99
  382              0      0.01     2.975       162   0.00385         0      0.99
  383              0      0.01     3.228       172   0.00329         0      0.99
  385              0      0.01     3.071        48    0.0037         0      0.99
  391              0      0.01     3.330       400   0.00385         0      0.99
  392              0      0.01     3.254       162    0.0026         0      0.99
  393              0      0.01     3.423       175   0.00289         0      0.99
  394              0      0.01     3.250       300   0.01518         0      0.99
  395              0      0.01     3.230        51   0.00308         0      0.99
  401              0      0.01     1.734       400   0.00539         0      0.99
  402              0      0.01     1.733       163   0.00365         0      0.99
  403              0      0.01     1.734       226   0.00591         0      0.99
  405              0      0.01     1.718        53     0.005         0      0.99
  411              0      0.01     1.740       400   0.00189         0      0.99
  412              0      0.01     1.586       178   0.00143         0      0.99
  413              0      0.01     1.734       240   0.00549         0      0.99
  414              0      0.01     1.450       300   0.00148         0      0.99
  415              0      0.01     1.640        57   0.00187         0      0.99
  421              0      0.01     1.734       400   0.00105         0      0.99
  422              0      0.01     1.725       172   0.00112         0      0.99
  423              0      0.01     1.730       146   0.00105         0      0.99
  424              0      0.01     1.170       105   0.00079         0      0.99
  425              0      0.01     1.713        60   0.00155         0      0.99
  501              0      0.01     0.705       400   0.00402         0      0.99
  502              0      0.01     0.704       161   0.00296         0      0.99
  503              0      0.01     0.660       156   0.00369         0      0.99
  504              0      0.01     0.714       299   0.00281         0      0.99
  505              0      0.01     0.688        73   0.00367         0      0.99
  711              0      0.01     1.300       400   0.00119         0      0.99
  712              0      0.01     1.300       166    0.0011         0      0.99
  713              0      0.01     1.300        80   0.00099         0      0.99
  811              0      0.01     0.711       400   0.00248         0      0.99
  812              0      0.01     0.720       161   0.00316         0      0.99
  813              0      0.01     0.712       198   0.00361         0      0.99
  814              0      0.01     0.727       300   0.00208         0      0.99
  815              0      0.01     0.714        69   0.00271         0      0.99
  821              0      0.01     3.930       400    0.0016         0      0.99
  822              0      0.01     4.434       202    0.0013         0      0.99
  823              0      0.01     4.533       100    0.0021         0      0.99
  824              0      0.01     4.300       187   0.00147         0      0.99
  825              0      0.01     4.260        76   0.00204         0      0.99
  831              0      0.01     4.455       400   0.01111         0      0.99
  832              0      0.01     4.510       164   0.00762         0      0.99
  833              0      0.01     4.546       215   0.01161         0      0.99
  834              0      0.01     4.633       214   0.00593         0      0.99
  835              0      0.01     4.506        62   0.00568         0      0.99
  841              0      0.01     3.109       400   0.00305         0      0.99
  842              0      0.01     3.182       165   0.00303         0      0.99
  843              0      0.01     3.109       163   0.00473         0      0.99
  844              0      0.01     2.930       106   0.00222         0      0.99
  845              0      0.01     3.131        57   0.00437         0      0.99
  851              0      0.01     2.863       400   0.00346         0      0.99
  852              0      0.01     3.234       163   0.00319         0      0.99
  853              0      0.01     3.244       211   0.00974         0      0.99
  854              0      0.01     3.249       300   0.00756         0      0.99
  855              0      0.01     3.237        68   0.00427         0      0.99
  861              0      0.01     3.227       400   0.00401         0      0.99
  862              0      0.01     3.245       162   0.00249         0      0.99
  863              0      0.01     3.249       193   0.00677         0      0.99
  864              0      0.01     3.250       300   0.00116         0      0.99
  865              0      0.01     3.233        74   0.00488         0      0.99
  871              0      0.01     3.231       400   0.00587         0      0.99
  872              0      0.01     2.970       160   0.00461         0      0.99
  873              0      0.01     3.150       237   0.00564         0      0.99
  875              0      0.01     2.904        80   0.00345         0      0.99
  881              0      0.01     3.013       400   0.00286         0      0.99
  882              0      0.01     3.001       162   0.00274         0      0.99
  883              0      0.01     3.030       189   0.00305         0      0.99
  884              0      0.01     3.250       300    0.0024         0      0.99
  885              0      0.01     2.784        59   0.00277         0      0.99
  891              0      0.01     3.127       400   0.00237         0      0.99
  892              0      0.01     3.143       161    0.0023         0      0.99
  893              0      0.01     2.049       240   0.00264         0      0.99
  895              0      0.01     2.937        80    0.0039         0      0.99
  901              0      0.01     3.250       400   0.00238         0      0.99
  902              0      0.01     3.228       180   0.00146         0      0.99
  911              0      0.01     3.026       400   0.00365         0      0.99
  912              0      0.01     3.200       160   0.00379         0      0.99
  913              0      0.01     3.250       240   0.00633         0      0.99
  915              0      0.01     2.846        80   0.00314         0      0.99
  921              0      0.01     3.131       400   0.00162         0      0.99
  922              0      0.01     3.210       165   0.00171         0      0.99
  923              0      0.01     1.777       216   0.00103         0      0.99
  925              0      0.01     2.797        80   0.00262         0      0.99
  931              0      0.01     2.909       400   0.00433         0      0.99
  932              0      0.01     3.083       160   0.00476         0      0.99
  933              0      0.01     3.196       178   0.00475         0      0.99
  935              0      0.01     3.072        80    0.0043         0      0.99
  941              0      0.01     1.261       400   0.00209         0      0.99
  942              0      0.01     1.283       204   0.00194         0      0.99
  943              0      0.01     1.300        80   0.00176         0      0.99
  944              0      0.01     1.296       300   0.00204         0      0.99
  945              0      0.01     1.293        79    0.0041         0      0.99
  951              0      0.01     1.254       400   0.00142         0      0.99
  952              0      0.01     1.290       171   0.00109         0      0.99
  953              0      0.01     1.278       129   0.00155         0      0.99
  954              0      0.01     0.599       100   0.00091         0      0.99
  955              0      0.01     1.269        70   0.00112         0      0.99
  961              0      0.01     1.261       400   0.00196         0      0.99
  962              0      0.01     1.268       183   0.00198         0      0.99
  963              0      0.01     1.290       186   0.00344         0      0.99
  965              0      0.01     1.295        64   0.00228         0      0.99
  971              0      0.01     4.506       400   0.00498         0      0.99
  972              0      0.01     4.354       160   0.00534         0      0.99
  973              0      0.01     4.313       170   0.00521         0      0.99
  974              0      0.01     5.231       250   0.00673         0      0.99
  975              0      0.01     4.586        61   0.00531         0      0.99
  981              0      0.01     1.683       400   0.00451         0      0.99
  982              0      0.01     1.735       160   0.00589         0      0.99
  983              0      0.01     1.735       199   0.00478         0      0.99
  984              0      0.01     0.708       300   0.00295         0      0.99
  985              0      0.01     1.724        60   0.00497         0      0.99
  991              0      0.01     0.690       400   0.00573         0      0.99
  992              0      0.01     0.704       160    0.0059         0      0.99
  993              0      0.01     0.695       216   0.00575         0      0.99
  994              0      0.01     0.714       100   0.00642         0      0.99
  995              0      0.01     0.706        60   0.00516         0      0.99
***</IHM_PWAT_PARM2>

  END PWAT-PARM2
