  PWAT-PARM4
*** < PLS>    PETMAX    PETMIN    INFEXP    INFILD    DEEPFR    BASETP    AGWETP
*** x  - x   (deg F)   (deg F)
***<IHM_PWAT_PARM4>
   11            0.0     0.216     0.360     0.000     0.400       0.0
   12            0.0     0.097     0.196     0.000     0.400       0.0
   13            0.0     0.192     0.148     0.000     0.400       0.0
   14            0.0     0.126     0.320     0.000     0.400       0.0
   15            0.0     0.091     0.127     0.000     0.400       0.0
   21            0.0     0.216     0.360     0.000     0.400       0.0
   22            0.0     0.097     0.196     0.000     0.400       0.0
   23            0.0     0.191     0.148     0.000     0.400       0.0
   24            0.0     0.127     0.227     0.000     0.400       0.0
   25            0.0     0.091     0.122     0.000     0.400       0.0
   31            0.0     0.216     0.360     0.000     0.400       0.0
   32            0.0     0.096     0.185     0.000     0.400       0.0
   33            0.0     0.192     0.160     0.000     0.400       0.0
   35            0.0     0.091     0.120     0.000     0.400       0.0
   41            0.0     0.216     0.360     0.000     0.400       0.0
   42            0.0     0.099     0.196     0.000     0.400       0.0
   43            0.0     0.191     0.143     0.000     0.400       0.0
   44            0.0     0.144     0.180     0.000     0.400       0.0
   45            0.0     0.091     0.122     0.000     0.400       0.0
   51            0.0     0.216     0.360     0.000     0.400       0.0
   52            0.0     0.114     0.188     0.000     0.400       0.0
   53            0.0     0.191     0.149     0.000     0.400       0.0
   54            0.0     0.144     0.180     0.000     0.400       0.0
   55            0.0     0.091     0.126     0.000     0.400       0.0
   61            0.0     0.216     0.360     0.000     0.400       0.0
   62            0.0     0.100     0.196     0.000     0.400       0.0
   63            0.0     0.192     0.147     0.000     0.400       0.0
   64            0.0     0.144     0.180     0.000     0.400       0.0
   65            0.0     0.091     0.121     0.000     0.400       0.0
   71            0.0     0.216     0.360     0.000     0.400       0.0
   72            0.0     0.148     0.170     0.000     0.400       0.0
   73            0.0     0.120     0.160     0.000     0.400       0.0
   75            0.0     0.090     0.135     0.000     0.400       0.0
   81            0.0     0.216     0.360     0.000     0.400       0.0
   82            0.0     0.112     0.187     0.000     0.400       0.0
   83            0.0     0.190     0.142     0.000     0.400       0.0
   84            0.0     0.111     0.299     0.000     0.400       0.0
   85            0.0     0.091     0.131     0.000     0.400       0.0
   91            0.0     0.216     0.360     0.000     0.400       0.0
   92            0.0     0.113     0.170     0.000     0.400       0.0
   94            0.0     0.144     0.180     0.000     0.400       0.0
   95            0.0     0.091     0.120     0.000     0.400       0.0
  101            0.0     0.216     0.360     0.000     0.400       0.0
  102            0.0     0.112     0.179     0.000     0.400       0.0
  103            0.0     0.177     0.160     0.000     0.400       0.0
  104            0.0     0.120     0.360     0.000     0.400       0.0
  105            0.0     0.092     0.137     0.000     0.400       0.0
  111            0.0     0.216     0.360     0.000     0.400       0.0
  112            0.0     0.096     0.176     0.000     0.400       0.0
  113            0.0     0.184     0.160     0.000     0.400       0.0
  114            0.0     0.108     0.318     0.000     0.400       0.0
  115            0.0     0.091     0.155     0.000     0.400       0.0
  121            0.0     0.216     0.360     0.000     0.400       0.0
  122            0.0     0.148     0.165     0.000     0.400       0.0
  123            0.0     0.164     0.160     0.000     0.400       0.0
  124            0.0     0.024     0.180     0.000     0.400       0.0
  125            0.0     0.091     0.163     0.000     0.400       0.0
  131            0.0     0.216     0.360     0.000     0.400       0.0
  132            0.0     0.159     0.160     0.000     0.400       0.0
  133            0.0     0.120     0.160     0.000     0.400       0.0
  134            0.0     0.024     0.180     0.000     0.400       0.0
  135            0.0     0.088     0.153     0.000     0.400       0.0
  141            0.0     0.216     0.360     0.000     0.400       0.0
  142            0.0     0.098     0.197     0.000     0.400       0.0
  143            0.0     0.192     0.151     0.000     0.400       0.0
  144            0.0     0.144     0.180     0.000     0.400       0.0
  145            0.0     0.091     0.138     0.000     0.400       0.0
  151            0.0     0.216     0.360     0.000     0.400       0.0
  152            0.0     0.099     0.192     0.000     0.400       0.0
  153            0.0     0.192     0.159     0.000     0.400       0.0
  154            0.0     0.125     0.326     0.000     0.400       0.0
  155            0.0     0.091     0.120     0.000     0.400       0.0
  161            0.0     0.216     0.360     0.000     0.400       0.0
  162            0.0     0.109     0.184     0.000     0.400       0.0
  163            0.0     0.192     0.140     0.000     0.400       0.0
  164            0.0     0.124     0.287     0.000     0.400       0.0
  165            0.0     0.091     0.120     0.000     0.400       0.0
  171            0.0     0.216     0.360     0.000     0.400       0.0
  172            0.0     0.100     0.188     0.000     0.400       0.0
  173            0.0     0.192     0.156     0.000     0.400       0.0
  174            0.0     0.131     0.277     0.000     0.400       0.0
  175            0.0     0.090     0.121     0.000     0.400       0.0
  181            0.0     0.216     0.360     0.000     0.400       0.0
  182            0.0     0.109     0.181     0.000     0.400       0.0
  183            0.0     0.192     0.160     0.000     0.400       0.0
  184            0.0     0.137     0.235     0.000     0.400       0.0
  185            0.0     0.091     0.120     0.000     0.400       0.0
  191            0.0     0.216     0.360     0.000     0.400       0.0
  192            0.0     0.110     0.183     0.000     0.400       0.0
  193            0.0     0.192     0.160     0.000     0.400       0.0
  194            0.0     0.133     0.265     0.000     0.400       0.0
  195            0.0     0.091     0.120     0.000     0.400       0.0
  201            0.0     0.216     0.360     0.000     0.400       0.0
  202            0.0     0.099     0.167     0.000     0.400       0.0
  203            0.0     0.154     0.160     0.000     0.400       0.0
  204            0.0     0.137     0.238     0.000     0.400       0.0
  205            0.0     0.092     0.134     0.000     0.400       0.0
  211            0.0     0.216     0.360     0.000     0.400       0.0
  212            0.0     0.097     0.182     0.000     0.400       0.0
  213            0.0     0.189     0.159     0.000     0.400       0.0
  214            0.0     0.097     0.180     0.000     0.400       0.0
  215            0.0     0.093     0.164     0.000     0.400       0.0
  221            0.0     0.216     0.360     0.000     0.400       0.0
  222            0.0     0.106     0.180     0.000     0.400       0.0
  223            0.0     0.180     0.160     0.000     0.400       0.0
  224            0.0     0.058     0.180     0.000     0.400       0.0
  225            0.0     0.093     0.166     0.000     0.400       0.0
  231            0.0     0.216     0.360     0.000     0.400       0.0
  232            0.0     0.127     0.179     0.000     0.400       0.0
  233            0.0     0.136     0.160     0.000     0.400       0.0
  234            0.0     0.122     0.351     0.000     0.400       0.0
  235            0.0     0.090     0.161     0.000     0.400       0.0
  241            0.0     0.216     0.360     0.000     0.400       0.0
  242            0.0     0.097     0.174     0.000     0.400       0.0
  243            0.0     0.191     0.160     0.000     0.400       0.0
  244            0.0     0.142     0.201     0.000     0.400       0.0
  245            0.0     0.090     0.168     0.000     0.400       0.0
  251            0.0     0.216     0.360     0.000     0.400       0.0
  252            0.0     0.127     0.177     0.000     0.400       0.0
  253            0.0     0.179     0.160     0.000     0.400       0.0
  254            0.0     0.041     0.180     0.000     0.400       0.0
  255            0.0     0.088     0.161     0.000     0.400       0.0
  261            0.0     0.216     0.360     0.000     0.400       0.0
  262            0.0     0.097     0.173     0.000     0.400       0.0
  263            0.0     0.120     0.160     0.000     0.400       0.0
  264            0.0     0.024     0.180     0.000     0.400       0.0
  265            0.0     0.089     0.188     0.000     0.400       0.0
  271            0.0     0.216     0.360     0.000     0.400       0.0
  272            0.0     0.098     0.180     0.000     0.400       0.0
  273            0.0     0.143     0.160     0.000     0.400       0.0
  274            0.0     0.120     0.360     0.000     0.400       0.0
  275            0.0     0.090     0.187     0.000     0.400       0.0
  281            0.0     0.216     0.360     0.000     0.400       0.0
  282            0.0     0.097     0.161     0.000     0.400       0.0
  283            0.0     0.122     0.160     0.000     0.400       0.0
  284            0.0     0.105     0.331     0.000     0.400       0.0
  285            0.0     0.088     0.216     0.000     0.400       0.0
  291            0.0     0.216     0.360     0.000     0.400       0.0
  292            0.0     0.096     0.162     0.000     0.400       0.0
  293            0.0     0.120     0.160     0.000     0.400       0.0
  295            0.0     0.086     0.220     0.000     0.400       0.0
  311            0.0     0.216     0.360     0.000     0.400       0.0
  312            0.0     0.096     0.160     0.000     0.400       0.0
  313            0.0     0.126     0.160     0.000     0.400       0.0
  315            0.0     0.081     0.231     0.000     0.400       0.0
  321            0.0     0.216     0.360     0.000     0.400       0.0
  322            0.0     0.096     0.160     0.000     0.400       0.0
  323            0.0     0.121     0.160     0.000     0.400       0.0
  325            0.0     0.082     0.230     0.000     0.400       0.0
  331            0.0     0.216     0.360     0.000     0.400       0.0
  332            0.0     0.096     0.160     0.000     0.400       0.0
  333            0.0     0.120     0.160     0.000     0.400       0.0
  334            0.0     0.083     0.291     0.000     0.400       0.0
  335            0.0     0.083     0.201     0.000     0.400       0.0
  341            0.0     0.216     0.360     0.000     0.400       0.0
  342            0.0     0.096     0.186     0.000     0.400       0.0
  343            0.0     0.190     0.159     0.000     0.400       0.0
  344            0.0     0.116     0.352     0.000     0.400       0.0
  345            0.0     0.090     0.147     0.000     0.400       0.0
  351            0.0     0.216     0.360     0.000     0.400       0.0
  352            0.0     0.097     0.170     0.000     0.400       0.0
  353            0.0     0.141     0.160     0.000     0.400       0.0
  354            0.0     0.144     0.180     0.000     0.400       0.0
  355            0.0     0.092     0.156     0.000     0.400       0.0
  361            0.0     0.216     0.360     0.000     0.400       0.0
  362            0.0     0.097     0.189     0.000     0.400       0.0
  363            0.0     0.179     0.160     0.000     0.400       0.0
  365            0.0     0.088     0.182     0.000     0.400       0.0
  371            0.0     0.216     0.360     0.000     0.400       0.0
  372            0.0     0.097     0.171     0.000     0.400       0.0
  373            0.0     0.189     0.160     0.000     0.400       0.0
  374            0.0     0.024     0.180     0.000     0.400       0.0
  375            0.0     0.099     0.202     0.000     0.400       0.0
  381            0.0     0.216     0.360     0.000     0.400       0.0
  382            0.0     0.098     0.172     0.000     0.400       0.0
  383            0.0     0.131     0.160     0.000     0.400       0.0
  385            0.0     0.092     0.209     0.000     0.400       0.0
  391            0.0     0.216     0.360     0.000     0.400       0.0
  392            0.0     0.097     0.168     0.000     0.400       0.0
  393            0.0     0.134     0.160     0.000     0.400       0.0
  394            0.0     0.024     0.180     0.000     0.400       0.0
  395            0.0     0.092     0.196     0.000     0.400       0.0
  401            0.0     0.216     0.360     0.000     0.400       0.0
  402            0.0     0.098     0.181     0.000     0.400       0.0
  403            0.0     0.180     0.160     0.000     0.400       0.0
  405            0.0     0.091     0.193     0.000     0.400       0.0
  411            0.0     0.216     0.360     0.000     0.400       0.0
  412            0.0     0.113     0.169     0.000     0.400       0.0
  413            0.0     0.192     0.160     0.000     0.400       0.0
  414            0.0     0.137     0.180     0.000     0.400       0.0
  415            0.0     0.091     0.171     0.000     0.400       0.0
  421            0.0     0.216     0.360     0.000     0.400       0.0
  422            0.0     0.104     0.178     0.000     0.400       0.0
  423            0.0     0.166     0.160     0.000     0.400       0.0
  424            0.0     0.121     0.355     0.000     0.400       0.0
  425            0.0     0.088     0.176     0.000     0.400       0.0
  501            0.0     0.216     0.360     0.000     0.400       0.0
  502            0.0     0.097     0.191     0.000     0.400       0.0
  503            0.0     0.187     0.140     0.000     0.400       0.0
  504            0.0     0.048     0.181     0.000     0.400       0.0
  505            0.0     0.091     0.138     0.000     0.400       0.0
  711            0.0     0.216     0.360     0.000     0.400       0.0
  712            0.0     0.101     0.197     0.000     0.400       0.0
  713            0.0     0.192     0.120     0.000     0.400       0.0
  811            0.0     0.216     0.360     0.000     0.400       0.0
  812            0.0     0.097     0.184     0.000     0.400       0.0
  813            0.0     0.165     0.160     0.000     0.400       0.0
  814            0.0     0.144     0.180     0.000     0.400       0.0
  815            0.0     0.091     0.152     0.000     0.400       0.0
  821            0.0     0.216     0.360     0.000     0.400       0.0
  822            0.0     0.134     0.176     0.000     0.400       0.0
  823            0.0     0.190     0.135     0.000     0.400       0.0
  824            0.0     0.131     0.282     0.000     0.400       0.0
  825            0.0     0.090     0.132     0.000     0.400       0.0
  831            0.0     0.216     0.360     0.000     0.400       0.0
  832            0.0     0.100     0.187     0.000     0.400       0.0
  833            0.0     0.179     0.159     0.000     0.400       0.0
  834            0.0     0.133     0.257     0.000     0.400       0.0
  835            0.0     0.090     0.169     0.000     0.400       0.0
  841            0.0     0.216     0.360     0.000     0.400       0.0
  842            0.0     0.100     0.190     0.000     0.400       0.0
  843            0.0     0.159     0.159     0.000     0.400       0.0
  844            0.0     0.121     0.354     0.000     0.400       0.0
  845            0.0     0.092     0.182     0.000     0.400       0.0
  851            0.0     0.216     0.360     0.000     0.400       0.0
  852            0.0     0.099     0.192     0.000     0.400       0.0
  853            0.0     0.173     0.159     0.000     0.400       0.0
  854            0.0     0.080     0.180     0.000     0.400       0.0
  855            0.0     0.092     0.151     0.000     0.400       0.0
  861            0.0     0.216     0.360     0.000     0.400       0.0
  862            0.0     0.098     0.191     0.000     0.400       0.0
  863            0.0     0.192     0.148     0.000     0.400       0.0
  864            0.0     0.144     0.180     0.000     0.400       0.0
  865            0.0     0.092     0.135     0.000     0.400       0.0
  871            0.0     0.216     0.360     0.000     0.400       0.0
  872            0.0     0.096     0.198     0.000     0.400       0.0
  873            0.0     0.192     0.159     0.000     0.400       0.0
  875            0.0     0.090     0.120     0.000     0.400       0.0
  881            0.0     0.216     0.360     0.000     0.400       0.0
  882            0.0     0.098     0.193     0.000     0.400       0.0
  883            0.0     0.179     0.151     0.000     0.400       0.0
  884            0.0     0.144     0.180     0.000     0.400       0.0
  885            0.0     0.091     0.178     0.000     0.400       0.0
  891            0.0     0.216     0.360     0.000     0.400       0.0
  892            0.0     0.097     0.199     0.000     0.400       0.0
  893            0.0     0.192     0.160     0.000     0.400       0.0
  895            0.0     0.091     0.120     0.000     0.400       0.0
  901            0.0     0.216     0.360     0.000     0.400       0.0
  902            0.0     0.114     0.190     0.000     0.400       0.0
  911            0.0     0.216     0.360     0.000     0.400       0.0
  912            0.0     0.096     0.199     0.000     0.400       0.0
  913            0.0     0.192     0.160     0.000     0.400       0.0
  915            0.0     0.091     0.120     0.000     0.400       0.0
  921            0.0     0.216     0.360     0.000     0.400       0.0
  922            0.0     0.100     0.197     0.000     0.400       0.0
  923            0.0     0.192     0.160     0.000     0.400       0.0
  925            0.0     0.079     0.120     0.000     0.400       0.0
  931            0.0     0.216     0.360     0.000     0.400       0.0
  932            0.0     0.096     0.199     0.000     0.400       0.0
  933            0.0     0.192     0.149     0.000     0.400       0.0
  935            0.0     0.090     0.121     0.000     0.400       0.0
  941            0.0     0.216     0.360     0.000     0.400       0.0
  942            0.0     0.135     0.175     0.000     0.400       0.0
  943            0.0     0.192     0.138     0.000     0.400       0.0
  944            0.0     0.144     0.180     0.000     0.400       0.0
  945            0.0     0.090     0.123     0.000     0.400       0.0
  951            0.0     0.216     0.360     0.000     0.400       0.0
  952            0.0     0.106     0.191     0.000     0.400       0.0
  953            0.0     0.157     0.160     0.000     0.400       0.0
  954            0.0     0.120     0.360     0.000     0.400       0.0
  955            0.0     0.088     0.153     0.000     0.400       0.0
  961            0.0     0.216     0.360     0.000     0.400       0.0
  962            0.0     0.117     0.183     0.000     0.400       0.0
  963            0.0     0.159     0.160     0.000     0.400       0.0
  965            0.0     0.089     0.165     0.000     0.400       0.0
  971            0.0     0.216     0.360     0.000     0.400       0.0
  972            0.0     0.096     0.186     0.000     0.400       0.0
  973            0.0     0.182     0.145     0.000     0.400       0.0
  974            0.0     0.075     0.225     0.000     0.400       0.0
  975            0.0     0.092     0.171     0.000     0.400       0.0
  981            0.0     0.216     0.360     0.000     0.400       0.0
  982            0.0     0.096     0.160     0.000     0.400       0.0
  983            0.0     0.180     0.153     0.000     0.400       0.0
  984            0.0     0.024     0.180     0.000     0.400       0.0
  985            0.0     0.090     0.174     0.000     0.400       0.0
  991            0.0     0.216     0.360     0.000     0.400       0.0
  992            0.0     0.096     0.181     0.000     0.400       0.0
  993            0.0     0.179     0.159     0.000     0.400       0.0
  994            0.0     0.120     0.360     0.000     0.400       0.0
  995            0.0     0.091     0.173     0.000     0.400       0.0
***</IHM_PWAT_PARM4>

  END PWAT-PARM4
