  PWAT-PARM2
*** < PLS>    FOREST      LZSN    INFILT      LSUR     SLSUR     KVARY     AGWRC
*** x  - x                (in)   (in/hr)      (ft)              (1/in)   (1/day)
***<IHM_PWAT_PARM2>
  131              0      0.01     1.011       400   0.00218         0      0.99
  132              0      0.01     1.035       179   0.00198         0      0.99
  133              0      0.01     1.028       189   0.00166         0      0.99
  134              0      0.01     1.082       100   0.00184         0      0.99
  135              0      0.01     1.019        51   0.00261         0      0.99
  291              0      0.01     0.397       400   0.00266         0      0.99
  292              0      0.01     0.394       163   0.00354         0      0.99
  293              0      0.01     0.395        86   0.00303         0      0.99
  294              0      0.01     0.396       300   0.00228         0      0.99
  295              0      0.01     0.403        70   0.00644         0      0.99
  301              0      0.01     0.371       400   0.00299         0      0.99
  302              0      0.01     0.372       170   0.00243         0      0.99
  303              0      0.01     0.385       155   0.00926         0      0.99
  304              0      0.01     0.373       300   0.00808         0      0.99
  305              0      0.01     0.375        49    0.0032         0      0.99
  311              0      0.01     0.370       400   0.00288         0      0.99
  312              0      0.01     0.382       179   0.00242         0      0.99
  313              0      0.01     0.389        84   0.00318         0      0.99
  314              0      0.01     0.404       262     0.002         0      0.99
  315              0      0.01     0.343        76   0.00178         0      0.99
  321              0      0.01     0.404       400    0.0027         0      0.99
  322              0      0.01     0.395       166   0.00332         0      0.99
  323              0      0.01     0.395       240   0.00588         0      0.99
  324              0      0.01     0.395       246   0.00237         0      0.99
  325              0      0.01     0.395        79   0.00391         0      0.99
  331              0      0.01     0.395       400   0.00267         0      0.99
  332              0      0.01     0.385       176   0.00175         0      0.99
  333              0      0.01     0.385       203   0.00227         0      0.99
  334              0      0.01     0.354       300   0.00058         0      0.99
  335              0      0.01     0.384        71   0.00204         0      0.99
  341              0      0.01     1.218       400   0.00115         0      0.99
  342              0      0.01     1.215       173   0.00089         0      0.99
  343              0      0.01     1.222       240   0.00245         0      0.99
  345              0      0.01     1.222        68   0.00122         0      0.99
  351              0      0.01     1.245       400   0.00168         0      0.99
  352              0      0.01     1.222       191   0.00128         0      0.99
  354              0      0.01     1.222       300   0.00122         0      0.99
  355              0      0.01     1.236        62   0.00251         0      0.99
  371              0      0.01     1.264       400   0.00228         0      0.99
  372              0      0.01     1.230       208    0.0019         0      0.99
  373              0      0.01     1.194       172   0.00314         0      0.99
  374              0      0.01     1.535       300   0.00149         0      0.99
  375              0      0.01     1.392        73   0.00525         0      0.99
  381              0      0.01     4.716       400   0.00348         0      0.99
  382              0      0.01     4.458       175   0.00289         0      0.99
  383              0      0.01     4.569       174   0.00314         0      0.99
  385              0      0.01     4.303        48   0.00339         0      0.99
  401              0      0.01     0.418       400   0.00334         0      0.99
  402              0      0.01     0.380       174   0.00225         0      0.99
  403              0      0.01     0.387       171   0.00263         0      0.99
  405              0      0.01     0.353        44   0.00298         0      0.99
  411              0      0.01     4.559       400   0.00163         0      0.99
  412              0      0.01     4.607       175   0.00086         0      0.99
  413              0      0.01     4.368       223   0.00186         0      0.99
  414              0      0.01     4.550       300   0.00093         0      0.99
  415              0      0.01     4.546        62   0.00131         0      0.99
  421              0      0.01     1.219       400   0.00072         0      0.99
  422              0      0.01     1.464       175   0.00096         0      0.99
  423              0      0.01     1.480       240   0.00162         0      0.99
  425              0      0.01     1.477        69   0.00169         0      0.99
  431              0      0.01     1.438       400   0.00095         0      0.99
  432              0      0.01     1.472       223   0.00091         0      0.99
  434              0      0.01     1.480       300   0.00173         0      0.99
  435              0      0.01     1.472        80   0.00102         0      0.99
  441              0      0.01     1.101       400   0.00057         0      0.99
  442              0      0.01     1.499       161   0.00103         0      0.99
  444              0      0.01     1.490       245   0.00155         0      0.99
  445              0      0.01     1.483        56    0.0012         0      0.99
  451              0      0.01     1.522       400   0.00261         0      0.99
  452              0      0.01     1.480       181   0.00121         0      0.99
  455              0      0.01     1.801        80   0.00189         0      0.99
  461              0      0.01     1.680       400   0.00337         0      0.99
  462              0      0.01     1.593       160    0.0025         0      0.99
  463              0      0.01     1.480       240   0.00277         0      0.99
  464              0      0.01     1.480       300   0.00142         0      0.99
  465              0      0.01     1.537        60   0.00252         0      0.99
  471              0      0.01     1.524       400   0.00252         0      0.99
  472              0      0.01     1.535       163   0.00126         0      0.99
  473              0      0.01     1.480       240   0.00139         0      0.99
  474              0      0.01     1.480       300   0.00015         0      0.99
  475              0      0.01     1.485        68   0.00094         0      0.99
  481              0      0.01     1.503       400    0.0017         0      0.99
  482              0      0.01     1.488       160   0.00104         0      0.99
  483              0      0.01     1.480        80   0.00149         0      0.99
  484              0      0.01     1.445       116   0.00027         0      0.99
  485              0      0.01     1.521        57   0.00069         0      0.99
  491              0      0.01     0.131       400   0.00156         0      0.99
  492              0      0.01     0.131       160   0.00094         0      0.99
  493              0      0.01     0.129       160   0.00288         0      0.99
  494              0      0.01     0.130       300    0.0002         0      0.99
  495              0      0.01     0.129        47    0.0013         0      0.99
  501              0      0.01     1.300       400   0.00182         0      0.99
  502              0      0.01     1.313       168   0.00105         0      0.99
  503              0      0.01     1.300       143   0.00108         0      0.99
  504              0      0.01     1.300       188   0.00253         0      0.99
  505              0      0.01     1.305        56   0.00194         0      0.99
  511              0      0.01     1.349       400    0.0026         0      0.99
  512              0      0.01     1.328       167    0.0019         0      0.99
  513              0      0.01     1.339       178   0.00226         0      0.99
  515              0      0.01     1.428        69   0.00386         0      0.99
  521              0      0.01     0.443       400   0.00393         0      0.99
  522              0      0.01     0.405       162   0.00274         0      0.99
  523              0      0.01     0.479       176   0.00653         0      0.99
  524              0      0.01     0.384       300   0.00765         0      0.99
  525              0      0.01     0.446        48   0.00451         0      0.99
  531              0      0.01     1.178       400    0.0069         0      0.99
  532              0      0.01     1.183       173    0.0067         0      0.99
  533              0      0.01     1.229       170    0.0071         0      0.99
  534              0      0.01     1.353       300   0.00792         0      0.99
  535              0      0.01     1.195        51   0.00637         0      0.99
  541              0      0.01     2.221       400   0.00091         0      0.99
  542              0      0.01     2.220       172   0.00135         0      0.99
  543              0      0.01     2.203       224   0.00219         0      0.99
  544              0      0.01     2.203       300   0.00071         0      0.99
  545              0      0.01     2.249        67   0.00141         0      0.99
  551              0      0.01     2.214       400   0.00212         0      0.99
  552              0      0.01     2.209       161   0.00246         0      0.99
  553              0      0.01     2.206       220   0.00284         0      0.99
  554              0      0.01     2.229       219   0.00261         0      0.99
  555              0      0.01     2.238        68   0.00346         0      0.99
  561              0      0.01     2.203       400    0.0004         0      0.99
  562              0      0.01     2.203       177   0.00077         0      0.99
  563              0      0.01     2.203       160   0.00075         0      0.99
  565              0      0.01     2.206        56   0.00075         0      0.99
  571              0      0.01     2.204       400   0.00088         0      0.99
  572              0      0.01     2.225       188   0.00184         0      0.99
  573              0      0.01     2.203       173   0.00207         0      0.99
  574              0      0.01     2.203       100   0.00437         0      0.99
  575              0      0.01     2.205        68    0.0009         0      0.99
  581              0      0.01     1.092       400   0.00559         0      0.99
  582              0      0.01     1.063       165   0.00495         0      0.99
  583              0      0.01     1.023       162    0.0036         0      0.99
  585              0      0.01     1.155        57   0.00639         0      0.99
  591              0      0.01     0.844       400    0.0034         0      0.99
  592              0      0.01     0.604       160   0.00369         0      0.99
  593              0      0.01     1.005       176   0.00766         0      0.99
  595              0      0.01     1.056        44   0.00606         0      0.99
  601              0      0.01     3.199       400   0.00548         0      0.99
  602              0      0.01     2.762       161   0.00385         0      0.99
  603              0      0.01     3.345       161   0.00463         0      0.99
  604              0      0.01     2.121       300   0.00558         0      0.99
  605              0      0.01     3.201        52   0.00476         0      0.99
  611              0      0.01     3.535       400   0.00658         0      0.99
  612              0      0.01     3.371       164   0.00538         0      0.99
  613              0      0.01     3.474       166   0.00363         0      0.99
  614              0      0.01     1.000       300    0.0069         0      0.99
  615              0      0.01     3.527        46   0.00468         0      0.99
  621              0      0.01     3.761       400   0.00309         0      0.99
  622              0      0.01     3.064       164   0.00409         0      0.99
  623              0      0.01     3.087       162   0.00389         0      0.99
  624              0      0.01     3.199       248   0.00604         0      0.99
  625              0      0.01     3.517        43   0.00385         0      0.99
  631              0      0.01     3.202       400   0.00437         0      0.99
  632              0      0.01     2.984       163   0.00382         0      0.99
  633              0      0.01     3.193       182   0.00352         0      0.99
  634              0      0.01     3.178       272     0.003         0      0.99
  635              0      0.01     3.330        48   0.00344         0      0.99
  641              0      0.01     1.353       400   0.00154         0      0.99
  642              0      0.01     1.365       161   0.00223         0      0.99
  643              0      0.01     1.284       165   0.00203         0      0.99
  644              0      0.01     1.256       286    0.0014         0      0.99
  645              0      0.01     1.410        44   0.00197         0      0.99
  651              0      0.01     1.351       400   0.00056         0      0.99
  652              0      0.01     1.303       174   0.00083         0      0.99
  653              0      0.01     1.348       164   0.00076         0      0.99
  654              0      0.01     1.316       117   0.00077         0      0.99
  655              0      0.01     1.252        51   0.00096         0      0.99
  661              0      0.01     1.391       400    0.0024         0      0.99
  662              0      0.01     1.522       177   0.00162         0      0.99
  663              0      0.01     1.458       161   0.00247         0      0.99
  664              0      0.01     1.388       300   0.00291         0      0.99
  665              0      0.01     1.700        43    0.0019         0      0.99
  671              0      0.01     0.670       400   0.00466         0      0.99
  672              0      0.01     0.669       166   0.00368         0      0.99
  673              0      0.01     0.667       240   0.00405         0      0.99
  674              0      0.01     0.667       286   0.00502         0      0.99
  675              0      0.01     0.668        65     0.004         0      0.99
  681              0      0.01     0.665       400    0.0009         0      0.99
  682              0      0.01     0.670       179   0.00094         0      0.99
  683              0      0.01     0.662       177    0.0015         0      0.99
  684              0      0.01     0.667       254   0.00105         0      0.99
  685              0      0.01     0.667        63   0.00098         0      0.99
  691              0      0.01     0.646       400    0.0008         0      0.99
  692              0      0.01     0.643       185   0.00065         0      0.99
  693              0      0.01     0.655       160   0.00096         0      0.99
  695              0      0.01     0.641        55   0.00087         0      0.99
  701              0      0.01     0.299       400   0.00149         0      0.99
  702              0      0.01     0.288       173   0.00135         0      0.99
  703              0      0.01     0.290       205   0.00175         0      0.99
  704              0      0.01     0.290       300   0.00123         0      0.99
  705              0      0.01     0.290        60   0.00183         0      0.99
  711              0      0.01     0.702       400   0.00269         0      0.99
  712              0      0.01     0.700       169   0.00175         0      0.99
  713              0      0.01     0.702       178    0.0015         0      0.99
  714              0      0.01     0.702       300   0.00351         0      0.99
  715              0      0.01     0.701        50   0.00166         0      0.99
  721              0      0.01     0.702       400   0.00131         0      0.99
  722              0      0.01     0.702       210    0.0018         0      0.99
  723              0      0.01     0.702       160   0.00217         0      0.99
  725              0      0.01     0.702        69   0.00159         0      0.99
  731              0      0.01     0.290       400   0.00215         0      0.99
  732              0      0.01     0.290       166   0.00246         0      0.99
  733              0      0.01     0.290       234   0.00227         0      0.99
  734              0      0.01     0.290       300   0.00559         0      0.99
  735              0      0.01     0.290        60   0.00281         0      0.99
  741              0      0.01     0.296       400   0.00613         0      0.99
  742              0      0.01     0.290       176   0.00221         0      0.99
  743              0      0.01     0.290       187   0.00263         0      0.99
  744              0      0.01     0.293       267   0.00311         0      0.99
  745              0      0.01     0.289        55   0.00206         0      0.99
  751              0      0.01     0.984       400   0.00101         0      0.99
  752              0      0.01     0.982       181    0.0014         0      0.99
  753              0      0.01     1.006       186   0.00238         0      0.99
  754              0      0.01     1.009       100   0.00162         0      0.99
  755              0      0.01     0.996        49   0.00232         0      0.99
  761              0      0.01     1.702       400   0.00105         0      0.99
  762              0      0.01     1.875       184   0.00097         0      0.99
  763              0      0.01     1.844       180   0.00056         0      0.99
  765              0      0.01     1.862        45   0.00083         0      0.99
  771              0      0.01     1.863       400   0.00152         0      0.99
  772              0      0.01     1.817       163   0.00194         0      0.99
  773              0      0.01     1.840       160   0.00076         0      0.99
  774              0      0.01     1.752       300   0.00057         0      0.99
  775              0      0.01     1.794        48   0.00151         0      0.99
  781              0      0.01     0.628       400    0.0011         0      0.99
  782              0      0.01     0.573       160   0.00113         0      0.99
  783              0      0.01     0.642       160   0.00135         0      0.99
  785              0      0.01     0.629        55   0.00132         0      0.99
  791              0      0.01     0.684       400   0.00043         0      0.99
  792              0      0.01     0.627       178   0.00095         0      0.99
  793              0      0.01     0.618       160   0.00101         0      0.99
  794              0      0.01     0.649       133   0.00131         0      0.99
  795              0      0.01     0.601        49   0.00098         0      0.99
  801              0      0.01     0.638       400   0.00066         0      0.99
  802              0      0.01     0.666       174   0.00133         0      0.99
  803              0      0.01     0.614       160   0.00088         0      0.99
  805              0      0.01     0.605        53   0.00117         0      0.99
***</IHM_PWAT_PARM2>

  END PWAT-PARM2
