  PWAT-PARM4
*** < PLS>    PETMAX    PETMIN    INFEXP    INFILD    DEEPFR    BASETP    AGWETP
*** x  - x   (deg F)   (deg F)
***<IHM_PWAT_PARM4>
  131            0.0     0.216     0.360     0.000     0.400       0.0
  132            0.0     0.103     0.163     0.000     0.400       0.0
  133            0.0     0.146     0.160     0.000     0.400       0.0
  134            0.0     0.120     0.360     0.000     0.400       0.0
  135            0.0     0.086     0.201     0.000     0.400       0.0
  291            0.0     0.216     0.360     0.000     0.400       0.0
  292            0.0     0.098     0.190     0.000     0.400       0.0
  293            0.0     0.192     0.126     0.000     0.400       0.0
  294            0.0     0.144     0.180     0.000     0.400       0.0
  295            0.0     0.091     0.146     0.000     0.400       0.0
  301            0.0     0.216     0.360     0.000     0.400       0.0
  302            0.0     0.105     0.194     0.000     0.400       0.0
  303            0.0     0.185     0.143     0.000     0.400       0.0
  304            0.0     0.144     0.180     0.000     0.400       0.0
  305            0.0     0.081     0.213     0.000     0.400       0.0
  311            0.0     0.216     0.360     0.000     0.400       0.0
  312            0.0     0.113     0.185     0.000     0.400       0.0
  313            0.0     0.192     0.121     0.000     0.400       0.0
  314            0.0     0.090     0.215     0.000     0.400       0.0
  315            0.0     0.092     0.129     0.000     0.400       0.0
  321            0.0     0.216     0.360     0.000     0.400       0.0
  322            0.0     0.101     0.194     0.000     0.400       0.0
  323            0.0     0.192     0.160     0.000     0.400       0.0
  324            0.0     0.067     0.229     0.000     0.400       0.0
  325            0.0     0.092     0.122     0.000     0.400       0.0
  331            0.0     0.216     0.360     0.000     0.400       0.0
  332            0.0     0.110     0.183     0.000     0.400       0.0
  333            0.0     0.159     0.160     0.000     0.400       0.0
  334            0.0     0.024     0.180     0.000     0.400       0.0
  335            0.0     0.093     0.144     0.000     0.400       0.0
  341            0.0     0.216     0.360     0.000     0.400       0.0
  342            0.0     0.108     0.193     0.000     0.400       0.0
  343            0.0     0.192     0.160     0.000     0.400       0.0
  345            0.0     0.092     0.153     0.000     0.400       0.0
  351            0.0     0.216     0.360     0.000     0.400       0.0
  352            0.0     0.124     0.182     0.000     0.400       0.0
  354            0.0     0.144     0.180     0.000     0.400       0.0
  355            0.0     0.093     0.165     0.000     0.400       0.0
  371            0.0     0.216     0.360     0.000     0.400       0.0
  372            0.0     0.139     0.172     0.000     0.400       0.0
  373            0.0     0.131     0.160     0.000     0.400       0.0
  374            0.0     0.028     0.180     0.000     0.400       0.0
  375            0.0     0.093     0.142     0.000     0.400       0.0
  381            0.0     0.216     0.360     0.000     0.400       0.0
  382            0.0     0.109     0.161     0.000     0.400       0.0
  383            0.0     0.133     0.160     0.000     0.400       0.0
  385            0.0     0.085     0.212     0.000     0.400       0.0
  401            0.0     0.216     0.360     0.000     0.400       0.0
  402            0.0     0.108     0.170     0.000     0.400       0.0
  403            0.0     0.130     0.160     0.000     0.400       0.0
  405            0.0     0.081     0.225     0.000     0.400       0.0
  411            0.0     0.216     0.360     0.000     0.400       0.0
  412            0.0     0.109     0.190     0.000     0.400       0.0
  413            0.0     0.191     0.156     0.000     0.400       0.0
  414            0.0     0.136     0.180     0.000     0.400       0.0
  415            0.0     0.093     0.165     0.000     0.400       0.0
  421            0.0     0.216     0.360     0.000     0.400       0.0
  422            0.0     0.110     0.192     0.000     0.400       0.0
  423            0.0     0.192     0.160     0.000     0.400       0.0
  425            0.0     0.093     0.151     0.000     0.400       0.0
  431            0.0     0.216     0.360     0.000     0.400       0.0
  432            0.0     0.153     0.168     0.000     0.400       0.0
  434            0.0     0.024     0.180     0.000     0.400       0.0
  435            0.0     0.076     0.120     0.000     0.400       0.0
  441            0.0     0.216     0.360     0.000     0.400       0.0
  442            0.0     0.096     0.199     0.000     0.400       0.0
  444            0.0     0.138     0.229     0.000     0.400       0.0
  445            0.0     0.094     0.180     0.000     0.400       0.0
  451            0.0     0.216     0.360     0.000     0.400       0.0
  452            0.0     0.114     0.190     0.000     0.400       0.0
  455            0.0     0.087     0.120     0.000     0.400       0.0
  461            0.0     0.216     0.360     0.000     0.400       0.0
  462            0.0     0.096     0.194     0.000     0.400       0.0
  463            0.0     0.192     0.160     0.000     0.400       0.0
  464            0.0     0.144     0.180     0.000     0.400       0.0
  465            0.0     0.094     0.169     0.000     0.400       0.0
  471            0.0     0.216     0.360     0.000     0.400       0.0
  472            0.0     0.099     0.196     0.000     0.400       0.0
  473            0.0     0.192     0.160     0.000     0.400       0.0
  474            0.0     0.144     0.180     0.000     0.400       0.0
  475            0.0     0.093     0.149     0.000     0.400       0.0
  481            0.0     0.216     0.360     0.000     0.400       0.0
  482            0.0     0.096     0.195     0.000     0.400       0.0
  483            0.0     0.192     0.160     0.000     0.400       0.0
  484            0.0     0.113     0.346     0.000     0.400       0.0
  485            0.0     0.095     0.189     0.000     0.400       0.0
  491            0.0     0.216     0.360     0.000     0.400       0.0
  492            0.0     0.096     0.192     0.000     0.400       0.0
  493            0.0     0.120     0.160     0.000     0.400       0.0
  494            0.0     0.024     0.180     0.000     0.400       0.0
  495            0.0     0.082     0.217     0.000     0.400       0.0
  501            0.0     0.216     0.360     0.000     0.400       0.0
  502            0.0     0.103     0.186     0.000     0.400       0.0
  503            0.0     0.136     0.160     0.000     0.400       0.0
  504            0.0     0.131     0.281     0.000     0.400       0.0
  505            0.0     0.087     0.186     0.000     0.400       0.0
  511            0.0     0.216     0.360     0.000     0.400       0.0
  512            0.0     0.102     0.173     0.000     0.400       0.0
  513            0.0     0.136     0.160     0.000     0.400       0.0
  515            0.0     0.090     0.152     0.000     0.400       0.0
  521            0.0     0.216     0.360     0.000     0.400       0.0
  522            0.0     0.098     0.181     0.000     0.400       0.0
  523            0.0     0.134     0.160     0.000     0.400       0.0
  524            0.0     0.024     0.180     0.000     0.400       0.0
  525            0.0     0.086     0.211     0.000     0.400       0.0
  531            0.0     0.216     0.360     0.000     0.400       0.0
  532            0.0     0.108     0.165     0.000     0.400       0.0
  533            0.0     0.129     0.160     0.000     0.400       0.0
  534            0.0     0.024     0.180     0.000     0.400       0.0
  535            0.0     0.086     0.202     0.000     0.400       0.0
  541            0.0     0.216     0.360     0.000     0.400       0.0
  542            0.0     0.107     0.169     0.000     0.400       0.0
  543            0.0     0.177     0.160     0.000     0.400       0.0
  544            0.0     0.144     0.180     0.000     0.400       0.0
  545            0.0     0.093     0.151     0.000     0.400       0.0
  551            0.0     0.216     0.360     0.000     0.400       0.0
  552            0.0     0.097     0.189     0.000     0.400       0.0
  553            0.0     0.174     0.160     0.000     0.400       0.0
  554            0.0     0.134     0.253     0.000     0.400       0.0
  555            0.0     0.093     0.150     0.000     0.400       0.0
  561            0.0     0.216     0.360     0.000     0.400       0.0
  562            0.0     0.111     0.172     0.000     0.400       0.0
  563            0.0     0.120     0.160     0.000     0.400       0.0
  565            0.0     0.091     0.182     0.000     0.400       0.0
  571            0.0     0.216     0.360     0.000     0.400       0.0
  572            0.0     0.120     0.170     0.000     0.400       0.0
  573            0.0     0.132     0.160     0.000     0.400       0.0
  574            0.0     0.120     0.360     0.000     0.400       0.0
  575            0.0     0.090     0.153     0.000     0.400       0.0
  581            0.0     0.216     0.360     0.000     0.400       0.0
  582            0.0     0.100     0.154     0.000     0.400       0.0
  583            0.0     0.122     0.160     0.000     0.400       0.0
  585            0.0     0.087     0.188     0.000     0.400       0.0
  591            0.0     0.216     0.360     0.000     0.400       0.0
  592            0.0     0.096     0.159     0.000     0.400       0.0
  593            0.0     0.134     0.160     0.000     0.400       0.0
  595            0.0     0.080     0.227     0.000     0.400       0.0
  601            0.0     0.216     0.360     0.000     0.400       0.0
  602            0.0     0.097     0.169     0.000     0.400       0.0
  603            0.0     0.121     0.160     0.000     0.400       0.0
  604            0.0     0.024     0.180     0.000     0.400       0.0
  605            0.0     0.086     0.201     0.000     0.400       0.0
  611            0.0     0.216     0.360     0.000     0.400       0.0
  612            0.0     0.099     0.159     0.000     0.400       0.0
  613            0.0     0.125     0.160     0.000     0.400       0.0
  614            0.0     0.024     0.180     0.000     0.400       0.0
  615            0.0     0.082     0.219     0.000     0.400       0.0
  621            0.0     0.216     0.360     0.000     0.400       0.0
  622            0.0     0.099     0.160     0.000     0.400       0.0
  623            0.0     0.122     0.160     0.000     0.400       0.0
  624            0.0     0.066     0.227     0.000     0.400       0.0
  625            0.0     0.081     0.230     0.000     0.400       0.0
  631            0.0     0.216     0.360     0.000     0.400       0.0
  632            0.0     0.098     0.170     0.000     0.400       0.0
  633            0.0     0.140     0.160     0.000     0.400       0.0
  634            0.0     0.037     0.205     0.000     0.400       0.0
  635            0.0     0.085     0.213     0.000     0.400       0.0
  641            0.0     0.216     0.360     0.000     0.400       0.0
  642            0.0     0.097     0.161     0.000     0.400       0.0
  643            0.0     0.124     0.160     0.000     0.400       0.0
  644            0.0     0.113     0.192     0.000     0.400       0.0
  645            0.0     0.082     0.227     0.000     0.400       0.0
  651            0.0     0.216     0.360     0.000     0.400       0.0
  652            0.0     0.109     0.160     0.000     0.400       0.0
  653            0.0     0.123     0.160     0.000     0.400       0.0
  654            0.0     0.122     0.345     0.000     0.400       0.0
  655            0.0     0.085     0.204     0.000     0.400       0.0
  661            0.0     0.216     0.360     0.000     0.400       0.0
  662            0.0     0.111     0.160     0.000     0.400       0.0
  663            0.0     0.121     0.160     0.000     0.400       0.0
  664            0.0     0.024     0.180     0.000     0.400       0.0
  665            0.0     0.080     0.231     0.000     0.400       0.0
  671            0.0     0.216     0.360     0.000     0.400       0.0
  672            0.0     0.101     0.158     0.000     0.400       0.0
  673            0.0     0.192     0.160     0.000     0.400       0.0
  674            0.0     0.081     0.192     0.000     0.400       0.0
  675            0.0     0.093     0.158     0.000     0.400       0.0
  681            0.0     0.216     0.360     0.000     0.400       0.0
  682            0.0     0.112     0.170     0.000     0.400       0.0
  683            0.0     0.136     0.160     0.000     0.400       0.0
  684            0.0     0.139     0.221     0.000     0.400       0.0
  685            0.0     0.086     0.169     0.000     0.400       0.0
  691            0.0     0.216     0.360     0.000     0.400       0.0
  692            0.0     0.119     0.159     0.000     0.400       0.0
  693            0.0     0.120     0.160     0.000     0.400       0.0
  695            0.0     0.091     0.189     0.000     0.400       0.0
  701            0.0     0.216     0.360     0.000     0.400       0.0
  702            0.0     0.107     0.175     0.000     0.400       0.0
  703            0.0     0.160     0.160     0.000     0.400       0.0
  704            0.0     0.144     0.180     0.000     0.400       0.0
  705            0.0     0.091     0.173     0.000     0.400       0.0
  711            0.0     0.216     0.360     0.000     0.400       0.0
  712            0.0     0.104     0.173     0.000     0.400       0.0
  713            0.0     0.136     0.160     0.000     0.400       0.0
  714            0.0     0.144     0.180     0.000     0.400       0.0
  715            0.0     0.083     0.209     0.000     0.400       0.0
  721            0.0     0.216     0.360     0.000     0.400       0.0
  722            0.0     0.141     0.170     0.000     0.400       0.0
  723            0.0     0.120     0.160     0.000     0.400       0.0
  725            0.0     0.089     0.149     0.000     0.400       0.0
  731            0.0     0.216     0.360     0.000     0.400       0.0
  732            0.0     0.101     0.171     0.000     0.400       0.0
  733            0.0     0.186     0.160     0.000     0.400       0.0
  734            0.0     0.144     0.180     0.000     0.400       0.0
  735            0.0     0.089     0.177     0.000     0.400       0.0
  741            0.0     0.216     0.360     0.000     0.400       0.0
  742            0.0     0.110     0.175     0.000     0.400       0.0
  743            0.0     0.144     0.160     0.000     0.400       0.0
  744            0.0     0.140     0.210     0.000     0.400       0.0
  745            0.0     0.085     0.193     0.000     0.400       0.0
  751            0.0     0.216     0.360     0.000     0.400       0.0
  752            0.0     0.115     0.161     0.000     0.400       0.0
  753            0.0     0.144     0.160     0.000     0.400       0.0
  754            0.0     0.120     0.360     0.000     0.400       0.0
  755            0.0     0.087     0.208     0.000     0.400       0.0
  761            0.0     0.216     0.360     0.000     0.400       0.0
  762            0.0     0.118     0.160     0.000     0.400       0.0
  763            0.0     0.138     0.160     0.000     0.400       0.0
  765            0.0     0.083     0.222     0.000     0.400       0.0
  771            0.0     0.216     0.360     0.000     0.400       0.0
  772            0.0     0.098     0.160     0.000     0.400       0.0
  773            0.0     0.120     0.160     0.000     0.400       0.0
  774            0.0     0.024     0.180     0.000     0.400       0.0
  775            0.0     0.084     0.212     0.000     0.400       0.0
  781            0.0     0.216     0.360     0.000     0.400       0.0
  782            0.0     0.096     0.160     0.000     0.400       0.0
  783            0.0     0.120     0.160     0.000     0.400       0.0
  785            0.0     0.082     0.189     0.000     0.400       0.0
  791            0.0     0.216     0.360     0.000     0.400       0.0
  792            0.0     0.112     0.160     0.000     0.400       0.0
  793            0.0     0.120     0.160     0.000     0.400       0.0
  794            0.0     0.104     0.330     0.000     0.400       0.0
  795            0.0     0.086     0.223     0.000     0.400       0.0
  801            0.0     0.216     0.360     0.000     0.400       0.0
  802            0.0     0.109     0.160     0.000     0.400       0.0
  803            0.0     0.120     0.160     0.000     0.400       0.0
  805            0.0     0.087     0.215     0.000     0.400       0.0
***</IHM_PWAT_PARM4>

  END PWAT-PARM4
