  PWAT-PARM2
*** < PLS>    FOREST      LZSN    INFILT      LSUR     SLSUR     KVARY     AGWRC
*** x  - x                (in)   (in/hr)      (ft)              (1/in)   (1/day)
***<IHM_PWAT_PARM2>
   11              0      0.01     0.277       400   0.00118         0      0.99
   12              0      0.01     0.277       177   0.00204         0      0.99
   13              0      0.01     0.280       240   0.00546         0      0.99
   14              0      0.01     0.277       140   0.00257         0      0.99
   15              0      0.01     0.279        76   0.00298         0      0.99
   21              0      0.01     1.221       400   0.00073         0      0.99
   22              0      0.01     1.274       174   0.00108         0      0.99
   23              0      0.01     1.281       215   0.00557         0      0.99
   24              0      0.01     1.184       256   0.00296         0      0.99
   25              0      0.01     1.309        76   0.00355         0      0.99
   31              0      0.01     0.118       400   0.00083         0      0.99
   32              0      0.01     0.125       190   0.00082         0      0.99
   33              0      0.01     0.141       173   0.00282         0      0.99
   34              0      0.01     0.122       195   0.00282         0      0.99
   35              0      0.01     0.126        76   0.00232         0      0.99
   41              0      0.01     0.912       400   0.01402         0      0.99
   42              0      0.01     0.916       160   0.00929         0      0.99
   43              0      0.01     0.916       220   0.01188         0      0.99
   44              0      0.01     0.913       120   0.00838         0      0.99
   45              0      0.01     0.915        69   0.00969         0      0.99
   51              0      0.01     0.107       400   0.00221         0      0.99
   52              0      0.01     0.125       187   0.00299         0      0.99
   53              0      0.01     0.130       169     0.008         0      0.99
   54              0      0.01     0.120       185    0.0031         0      0.99
   55              0      0.01     0.130        66   0.00641         0      0.99
   61              0      0.01     0.859       400   0.00063         0      0.99
   62              0      0.01     0.897       225   0.00058         0      0.99
   64              0      0.01     0.910       300    0.0029         0      0.99
   65              0      0.01     0.903        80    0.0004         0      0.99
   71              0      0.01     0.959       400   0.00626         0      0.99
   72              0      0.01     0.911       167   0.00825         0      0.99
   73              0      0.01     0.919       224   0.01392         0      0.99
   74              0      0.01     0.862       182   0.00753         0      0.99
   75              0      0.01     0.915        68   0.00781         0      0.99
   81              0      0.01     0.127       400   0.00086         0      0.99
   82              0      0.01     0.123       172   0.00259         0      0.99
   83              0      0.01     0.125       239   0.00418         0      0.99
   85              0      0.01     0.125        79   0.00202         0      0.99
   91              0      0.01     0.117       400   0.00133         0      0.99
   92              0      0.01     0.113       162   0.00154         0      0.99
   93              0      0.01     0.113       100   0.00081         0      0.99
   94              0      0.01     0.130       300   0.00256         0      0.99
   95              0      0.01     0.123        68    0.0016         0      0.99
  101              0      0.01     1.511       400   0.00531         0      0.99
  102              0      0.01     1.581       165   0.00561         0      0.99
  103              0      0.01     1.596       169    0.0045         0      0.99
  104              0      0.01     0.851       145   0.00519         0      0.99
  105              0      0.01     1.693        72   0.00557         0      0.99
  111              0      0.01     3.732       400   0.01167         0      0.99
  112              0      0.01     4.081       163   0.00939         0      0.99
  113              0      0.01     4.488       222   0.01466         0      0.99
  114              0      0.01     3.825       224   0.01193         0      0.99
  115              0      0.01     4.036        69   0.00928         0      0.99
  121              0      0.01     1.704       400   0.00988         0      0.99
  122              0      0.01     1.679       160   0.01068         0      0.99
  123              0      0.01     1.680       164   0.01031         0      0.99
  124              0      0.01     1.682       261   0.01004         0      0.99
  125              0      0.01     1.729        74   0.00825         0      0.99
  131              0      0.01     1.679       400   0.00917         0      0.99
  132              0      0.01     1.683       160   0.00808         0      0.99
  133              0      0.01     1.683        98    0.0061         0      0.99
  134              0      0.01     1.656       230   0.00616         0      0.99
  135              0      0.01     1.641        80   0.00929         0      0.99
  141              0      0.01     3.791       400   0.00788         0      0.99
  142              0      0.01     3.936       163   0.00894         0      0.99
  143              0      0.01     4.270       180   0.00972         0      0.99
  144              0      0.01     2.721       118   0.00826         0      0.99
  145              0      0.01     3.869        72    0.0088         0      0.99
  151              0      0.01     0.127       400   0.00927         0      0.99
  152              0      0.01     0.127       163   0.00973         0      0.99
  153              0      0.01     0.122       187   0.01369         0      0.99
  154              0      0.01     0.125       223   0.01372         0      0.99
  155              0      0.01     0.128        78   0.00879         0      0.99
  161              0      0.01     0.128       400   0.00296         0      0.99
  162              0      0.01     0.127       161   0.00259         0      0.99
  163              0      0.01     0.121       196   0.00359         0      0.99
  164              0      0.01     0.120       118   0.00444         0      0.99
  165              0      0.01     0.129        75   0.00266         0      0.99
  171              0      0.01     0.132       400   0.01055         0      0.99
  172              0      0.01     0.134       161   0.00923         0      0.99
  173              0      0.01     0.132       150   0.00823         0      0.99
  174              0      0.01     0.104       104   0.01371         0      0.99
  175              0      0.01     0.142        80   0.01073         0      0.99
  181              0      0.01     0.133       400   0.00785         0      0.99
  182              0      0.01     0.134       172    0.0077         0      0.99
  183              0      0.01     0.138       158   0.00765         0      0.99
  184              0      0.01     0.122       145   0.00968         0      0.99
  185              0      0.01     0.143        71   0.00561         0      0.99
  191              0      0.01     0.123       400   0.00362         0      0.99
  192              0      0.01     0.135       166   0.00337         0      0.99
  193              0      0.01     0.117       169   0.00131         0      0.99
  194              0      0.01     0.130       300   0.01364         0      0.99
  195              0      0.01     0.120        73   0.00333         0      0.99
  201              0      0.01     3.872       400   0.00759         0      0.99
  202              0      0.01     4.066       161   0.00729         0      0.99
  203              0      0.01     4.550       144   0.00455         0      0.99
  204              0      0.01     3.057       100   0.00895         0      0.99
  205              0      0.01     3.961        79   0.00744         0      0.99
  211              0      0.01     0.130       400    0.0043         0      0.99
  212              0      0.01     0.131       161   0.00582         0      0.99
  213              0      0.01     0.065       160   0.00334         0      0.99
  214              0      0.01     0.130       300   0.00455         0      0.99
  215              0      0.01     0.130        79   0.00531         0      0.99
  221              0      0.01     3.481       400   0.00935         0      0.99
  222              0      0.01     3.534       160   0.00701         0      0.99
  224              0      0.01     3.228       100   0.00644         0      0.99
  225              0      0.01     4.542        80    0.0063         0      0.99
  231              0      0.01     1.276       400   0.00738         0      0.99
  232              0      0.01     1.264       165   0.00686         0      0.99
  233              0      0.01     1.331       160   0.00623         0      0.99
  234              0      0.01     1.226       177   0.00688         0      0.99
  235              0      0.01     1.309        71   0.00749         0      0.99
  241              0      0.01     1.377       400   0.00888         0      0.99
  242              0      0.01     1.357       166   0.00845         0      0.99
  243              0      0.01     1.289       160   0.00609         0      0.99
  244              0      0.01     1.301       253    0.0093         0      0.99
  245              0      0.01     1.390        58   0.00831         0      0.99
  251              0      0.01     1.389       400   0.00654         0      0.99
  252              0      0.01     1.325       161   0.00772         0      0.99
  253              0      0.01     1.290       153    0.0069         0      0.99
  254              0      0.01     1.342       300   0.00823         0      0.99
  255              0      0.01     1.337        63   0.00716         0      0.99
  261              0      0.01     3.071       400    0.0047         0      0.99
  262              0      0.01     3.038       172   0.00528         0      0.99
  263              0      0.01     3.213       163   0.00657         0      0.99
  264              0      0.01     2.505       120   0.00315         0      0.99
  265              0      0.01     3.034        65   0.00531         0      0.99
  271              0      0.01     0.394       400   0.01887         0      0.99
  272              0      0.01     0.394       160   0.01485         0      0.99
  273              0      0.01     0.389       239   0.01747         0      0.99
  274              0      0.01     0.385       300   0.01324         0      0.99
  275              0      0.01     0.383        80   0.01701         0      0.99
  281              0      0.01     0.354       400   0.00946         0      0.99
  282              0      0.01     0.362       165    0.0071         0      0.99
  283              0      0.01     0.386       228   0.01108         0      0.99
  284              0      0.01     0.362       210   0.00929         0      0.99
  285              0      0.01     0.340        71   0.00725         0      0.99
  361              0      0.01     4.646       400   0.00231         0      0.99
  362              0      0.01     4.624       195   0.00243         0      0.99
  363              0      0.01     4.657       181     0.005         0      0.99
  364              0      0.01     4.678       231   0.00265         0      0.99
  365              0      0.01     4.591        64   0.00318         0      0.99
  391              0      0.01     4.333       400   0.00122         0      0.99
  392              0      0.01     4.320       183    0.0041         0      0.99
  393              0      0.01     4.550       199   0.00563         0      0.99
  395              0      0.01     4.396        54    0.0041         0      0.99
  431              0      0.01     0.539       400   0.00345         0      0.99
  432              0      0.01     0.564       172   0.00254         0      0.99
  433              0      0.01     0.582       177   0.00262         0      0.99
  434              0      0.01     0.522       122    0.0023         0      0.99
  435              0      0.01     0.578        68   0.00281         0      0.99
  441              0      0.01     0.566       400   0.00607         0      0.99
  442              0      0.01     0.612       177   0.00396         0      0.99
  443              0      0.01     0.618       189   0.00417         0      0.99
  444              0      0.01     0.464       100   0.00346         0      0.99
  445              0      0.01     0.611        60   0.00509         0      0.99
  451              0      0.01     0.581       400    0.0064         0      0.99
  452              0      0.01     0.580       165   0.00377         0      0.99
  453              0      0.01     0.584       193   0.00303         0      0.99
  454              0      0.01     0.548       101   0.00384         0      0.99
  455              0      0.01     0.578        79   0.00341         0      0.99
  461              0      0.01     0.127       400   0.00264         0      0.99
  462              0      0.01     0.174       204   0.00266         0      0.99
  463              0      0.01     0.146       235   0.00467         0      0.99
  464              0      0.01     0.126       100   0.00207         0      0.99
  465              0      0.01     0.178        59   0.00227         0      0.99
  471              0      0.01     0.177       400   0.00357         0      0.99
  472              0      0.01     0.170       170   0.00317         0      0.99
  473              0      0.01     0.169       228   0.00271         0      0.99
  474              0      0.01     0.141       100   0.00321         0      0.99
  475              0      0.01     0.165        78    0.0027         0      0.99
  481              0      0.01     3.301       400   0.00568         0      0.99
  482              0      0.01     3.191       169   0.00398         0      0.99
  483              0      0.01     3.172       212   0.00358         0      0.99
  484              0      0.01     3.168       101   0.00323         0      0.99
  485              0      0.01     3.134        80   0.00326         0      0.99
  491              0      0.01     3.107       400   0.00499         0      0.99
  492              0      0.01     3.168       161   0.00368         0      0.99
  493              0      0.01     3.236       188   0.00318         0      0.99
  494              0      0.01     2.071       100   0.00368         0      0.99
  495              0      0.01     3.262        69   0.00361         0      0.99
  501              0      0.01     3.095       400   0.00253         0      0.99
  502              0      0.01     2.969       161   0.00219         0      0.99
  503              0      0.01     2.884       193   0.00198         0      0.99
  504              0      0.01     2.892       102   0.00232         0      0.99
  505              0      0.01     2.968        73   0.00207         0      0.99
  511              0      0.01     3.260       400   0.00293         0      0.99
  512              0      0.01     3.228       161   0.00242         0      0.99
  513              0      0.01     3.198       166   0.00221         0      0.99
  514              0      0.01     1.091       115   0.00209         0      0.99
  515              0      0.01     3.281        71   0.00271         0      0.99
  521              0      0.01     0.137       400   0.00479         0      0.99
  522              0      0.01     0.125       166   0.00254         0      0.99
  523              0      0.01     0.119       142   0.00159         0      0.99
  524              0      0.01     0.126       125   0.00289         0      0.99
  525              0      0.01     0.137        61   0.00339         0      0.99
  531              0      0.01     0.128       400   0.00447         0      0.99
  532              0      0.01     0.130       163   0.00404         0      0.99
  533              0      0.01     0.130       175   0.00468         0      0.99
  534              0      0.01     0.130       163   0.00207         0      0.99
  535              0      0.01     0.129        60   0.00416         0      0.99
  541              0      0.01     0.472       400   0.00322         0      0.99
  542              0      0.01     0.444       174   0.00251         0      0.99
  543              0      0.01     0.456       117    0.0022         0      0.99
  544              0      0.01     0.438       264   0.00183         0      0.99
  545              0      0.01     0.452        65   0.00254         0      0.99
  551              0      0.01     0.464       400   0.00474         0      0.99
  552              0      0.01     0.454       165    0.0027         0      0.99
  553              0      0.01     0.457       209   0.00277         0      0.99
  554              0      0.01     0.444       299   0.00178         0      0.99
  555              0      0.01     0.458        72   0.00317         0      0.99
  561              0      0.01     0.670       400   0.00145         0      0.99
  562              0      0.01     0.655       163    0.0013         0      0.99
  563              0      0.01     0.663       107   0.00111         0      0.99
  564              0      0.01     0.648       113   0.00073         0      0.99
  565              0      0.01     0.631        60    0.0011         0      0.99
  571              0      0.01     1.333       400   0.00228         0      0.99
  572              0      0.01     1.215       173   0.00237         0      0.99
  573              0      0.01     1.275       165   0.00252         0      0.99
  574              0      0.01     1.258       100   0.00077         0      0.99
  575              0      0.01     1.333        55   0.00279         0      0.99
  581              0      0.01     2.638       400   0.00316         0      0.99
  582              0      0.01     2.460       178   0.00257         0      0.99
  583              0      0.01     2.485       157   0.00252         0      0.99
  584              0      0.01     2.494       300    0.0027         0      0.99
  585              0      0.01     2.567        77   0.00314         0      0.99
  591              0      0.01     2.786       400   0.00447         0      0.99
  592              0      0.01     2.648       184   0.00205         0      0.99
  593              0      0.01     2.622       172    0.0023         0      0.99
  594              0      0.01     2.791       271   0.00143         0      0.99
  595              0      0.01     2.458        72   0.00684         0      0.99
  601              0      0.01     2.569       400   0.00458         0      0.99
  602              0      0.01     2.550       197   0.00307         0      0.99
  603              0      0.01     2.639       132   0.00239         0      0.99
  604              0      0.01     2.460       300   0.00256         0      0.99
  605              0      0.01     2.456        71   0.00325         0      0.99
  611              0      0.01     0.681       400   0.00275         0      0.99
  612              0      0.01     0.673       177   0.00179         0      0.99
  613              0      0.01     0.662       141   0.00143         0      0.99
  614              0      0.01     0.652       245   0.00127         0      0.99
  615              0      0.01     0.653        62    0.0019         0      0.99
  621              0      0.01     0.666       400   0.00177         0      0.99
  622              0      0.01     0.649       172   0.00136         0      0.99
  623              0      0.01     0.656       179   0.00139         0      0.99
  624              0      0.01     0.643       122   0.00141         0      0.99
  625              0      0.01     0.658        69   0.00165         0      0.99
  631              0      0.01     4.336       400   0.00279         0      0.99
  632              0      0.01     4.488       165   0.00357         0      0.99
  633              0      0.01     5.278       175   0.00327         0      0.99
  634              0      0.01     3.719       102   0.00232         0      0.99
  635              0      0.01     4.392        58   0.00414         0      0.99
  641              0      0.01     1.513       400   0.00296         0      0.99
  642              0      0.01     1.094       160   0.00359         0      0.99
  643              0      0.01     1.138       238   0.00452         0      0.99
  644              0      0.01     1.124       300   0.00285         0      0.99
  645              0      0.01     1.090        58   0.00484         0      0.99
  651              0      0.01     1.186       400   0.00217         0      0.99
  652              0      0.01     1.162       177   0.00258         0      0.99
  653              0      0.01     1.177       232   0.00557         0      0.99
  654              0      0.01     1.040       117   0.00293         0      0.99
  655              0      0.01     1.208        61   0.00363         0      0.99
  661              0      0.01     3.459       400   0.00452         0      0.99
  662              0      0.01     4.243       161   0.00358         0      0.99
  663              0      0.01     4.546       225   0.00736         0      0.99
  664              0      0.01     3.839       103   0.00322         0      0.99
  665              0      0.01     4.468        58   0.00575         0      0.99
  671              0      0.01     1.151       400   0.00239         0      0.99
  672              0      0.01     1.134       160   0.00299         0      0.99
  673              0      0.01     1.135       228   0.00452         0      0.99
  674              0      0.01     1.175       100   0.00516         0      0.99
  675              0      0.01     1.090        58   0.00267         0      0.99
  681              0      0.01     5.050       400   0.00283         0      0.99
  682              0      0.01     5.668       162   0.00319         0      0.99
  683              0      0.01     5.106       190   0.00373         0      0.99
  684              0      0.01     3.196       100   0.00395         0      0.99
  685              0      0.01     4.731        57   0.00339         0      0.99
  691              0      0.01     1.311       400   0.00067         0      0.99
  692              0      0.01     1.184       221   0.00062         0      0.99
  693              0      0.01     1.097       226   0.00058         0      0.99
  694              0      0.01     1.161       100   0.00059         0      0.99
  701              0      0.01     0.648       400   0.00142         0      0.99
  702              0      0.01     0.634       183   0.00154         0      0.99
  703              0      0.01     0.645       111   0.00158         0      0.99
  705              0      0.01     0.717        80   0.00184         0      0.99
  721              0      0.01     1.138       400   0.00552         0      0.99
  722              0      0.01     1.126       160   0.00662         0      0.99
  723              0      0.01     1.123       238   0.00673         0      0.99
  725              0      0.01     1.139        69   0.00583         0      0.99
***</IHM_PWAT_PARM2>

  END PWAT-PARM2
