CellID
58122
58123
59122
59123
60121
60122
60123
61121
61122
61123
61128
61129
61130
61132
61133
62121
62122
62123
62124
62125
62126
62127
62128
62129
62130
62131
62132
62133
63120
63121
63122
63123
63124
63125
63126
63127
63128
63129
63130
63131
63132
63133
64120
64121
64122
64123
64124
64125
64126
64127
64128
64129
64130
64131
64132
64133
65120
65121
65122
65123
65124
65125
65126
65127
65128
65129
65130
65131
65132
65133
66120
66121
66122
66123
66124
66125
66126
66127
66128
66129
66130
66131
66132
66133
66134
66135
66136
67120
67121
67122
67123
67124
67125
67126
67127
67128
67129
67130
67131
67132
67133
67134
67135
67136
68121
68122
68123
68124
68125
68126
68127
68128
68129
68130
68131
68132
68133
68134
68135
68136
69121
69122
69123
69124
69125
69126
69127
69128
69129
69130
69131
69132
69133
69134
69135
69136
70122
70123
70124
70125
70126
70127
70128
70129
70130
70131
70132
70133
70134
70135
70136
71123
71124
71125
71126
71127
71128
71129
71130
71131
71132
71133
71134
71135
71136
72123
72124
72125
72126
72127
72128
72129
72130
72131
72132
72133
72134
72135
72136
73123
73124
73125
73126
73127
73128
73129
73130
73131
73132
73133
73134
73135
73136
73137
74123
74124
74125
74126
74127
74128
74129
74130
74131
74132
74133
74134
74135
74136
74137
75122
75123
75124
75125
75126
75127
75128
75129
75130
75131
75132
75133
75134
75135
75136
75137
75149
75150
76122
76123
76124
76125
76126
76127
76128
76129
76130
76131
76132
76133
76134
76135
76136
76137
76147
76148
76149
76150
76151
76152
77105
77106
77107
77108
77109
77110
77111
77112
77113
77114
77121
77122
77123
77124
77125
77126
77127
77128
77129
77130
77131
77132
77133
77134
77135
77136
77137
77147
77148
77149
77150
77151
77152
77153
77154
77155
78106
78107
78108
78109
78110
78111
78112
78113
78114
78115
78120
78121
78122
78123
78124
78125
78126
78127
78128
78129
78130
78131
78132
78133
78134
78135
78136
78137
78146
78147
78148
78149
78150
78151
78152
78153
78154
78155
79106
79107
79108
79109
79110
79111
79112
79113
79114
79115
79117
79118
79119
79120
79121
79122
79123
79124
79125
79126
79127
79128
79129
79130
79131
79132
79133
79134
79135
79136
79137
79143
79144
79145
79146
79147
79148
79149
79150
79151
79152
79153
79154
79155
79156
80106
80107
80108
80109
80110
80111
80112
80113
80114
80115
80116
80117
80118
80119
80120
80121
80122
80123
80124
80125
80126
80127
80128
80129
80130
80131
80132
80133
80134
80135
80136
80137
80138
80143
80144
80145
80146
80147
80148
80149
80150
80151
80152
80153
80154
80155
80156
80157
80158
81105
81106
81107
81108
81109
81110
81111
81112
81113
81114
81115
81116
81117
81118
81119
81120
81121
81122
81123
81124
81125
81126
81127
81128
81129
81130
81131
81132
81133
81134
81135
81136
81137
81138
81143
81144
81145
81146
81147
81148
81149
81150
81151
81152
81153
81154
81155
81156
81157
81158
81159
82106
82107
82108
82109
82110
82111
82112
82113
82114
82115
82116
82117
82118
82119
82120
82121
82122
82123
82124
82125
82126
82127
82128
82129
82130
82131
82132
82133
82134
82135
82136
82137
82138
82139
82140
82142
82143
82144
82145
82146
82147
82148
82149
82150
82151
82152
82153
82154
82155
82156
82157
82158
82159
83096
83097
83098
83107
83108
83109
83110
83111
83112
83113
83114
83115
83116
83117
83118
83119
83120
83121
83122
83123
83124
83125
83126
83127
83128
83129
83130
83131
83132
83133
83134
83135
83136
83137
83138
83139
83140
83141
83142
83143
83144
83145
83146
83147
83148
83149
83150
83151
83152
83153
83154
83155
83156
83157
83158
83159
84096
84097
84098
84099
84100
84106
84107
84108
84109
84110
84111
84112
84113
84114
84115
84116
84117
84118
84119
84120
84121
84122
84123
84124
84125
84126
84127
84128
84129
84130
84131
84132
84133
84134
84135
84136
84137
84138
84139
84140
84141
84142
84143
84144
84145
84146
84147
84148
84149
84150
84151
84152
84153
84154
84155
84156
84157
84158
84159
84160
85095
85096
85097
85098
85099
85100
85101
85103
85104
85105
85106
85107
85108
85109
85110
85111
85112
85113
85114
85115
85116
85117
85118
85119
85120
85121
85122
85123
85124
85125
85126
85127
85128
85129
85130
85131
85132
85133
85134
85135
85136
85137
85138
85139
85140
85141
85142
85143
85144
85145
85146
85147
85148
85149
85150
85151
85152
85153
85154
85155
85156
85157
85158
85159
85160
85161
86094
86095
86096
86097
86098
86099
86100
86101
86102
86103
86104
86105
86106
86107
86108
86109
86110
86111
86112
86113
86114
86115
86116
86117
86118
86119
86120
86121
86122
86123
86124
86125
86126
86127
86128
86129
86130
86131
86132
86133
86134
86135
86136
86137
86138
86139
86140
86141
86142
86143
86144
86145
86146
86147
86148
86149
86150
86151
86152
86153
86154
86155
86156
86157
86158
86159
86160
86161
87093
87094
87095
87096
87097
87098
87099
87100
87101
87102
87103
87104
87105
87106
87107
87108
87109
87110
87111
87112
87113
87114
87115
87116
87117
87118
87119
87120
87121
87122
87123
87124
87125
87126
87127
87128
87129
87130
87131
87132
87133
87134
87135
87136
87137
87138
87139
87140
87141
87142
87143
87144
87145
87146
87147
87148
87149
87150
87151
87152
87153
87154
87155
87156
87157
87158
87159
88092
88093
88094
88095
88096
88097
88098
88099
88100
88101
88102
88103
88104
88105
88106
88107
88108
88109
88110
88111
88112
88113
88114
88115
88116
88117
88118
88119
88120
88121
88122
88123
88124
88125
88126
88127
88128
88129
88130
88131
88132
88133
88134
88135
88136
88137
88138
88139
88140
88141
88142
88143
88144
88145
88146
88147
88148
88149
88150
88151
88152
88153
88154
88155
88156
88157
88158
89091
89092
89093
89094
89095
89096
89097
89098
89099
89100
89101
89102
89103
89104
89105
89106
89107
89108
89109
89110
89111
89112
89113
89114
89115
89116
89117
89118
89119
89120
89121
89122
89123
89124
89125
89126
89127
89128
89129
89130
89131
89132
89133
89134
89135
89136
89137
89138
89139
89140
89141
89142
89143
89144
89145
89146
89147
89148
89149
89150
89151
89152
89153
89154
89155
89156
89157
89158
89159
90091
90092
90093
90094
90095
90096
90097
90098
90099
90100
90101
90102
90103
90104
90105
90106
90107
90108
90109
90110
90111
90112
90113
90114
90115
90116
90117
90118
90119
90120
90121
90122
90123
90124
90125
90126
90127
90128
90129
90130
90131
90132
90133
90134
90135
90136
90137
90138
90139
90140
90141
90142
90143
90144
90145
90146
90147
90148
90149
90150
90151
90152
90153
90154
90155
90156
90157
90158
90159
91090
91091
91092
91093
91094
91095
91096
91097
91098
91099
91100
91101
91102
91103
91104
91105
91106
91107
91108
91109
91110
91111
91112
91113
91114
91115
91116
91117
91118
91119
91120
91121
91122
91123
91124
91125
91126
91127
91128
91129
91130
91131
91132
91133
91134
91135
91136
91137
91138
91139
91140
91141
91142
91143
91144
91145
91146
91147
91148
91149
91150
91151
91152
91153
91154
91155
91156
91157
91158
91159
91160
91161
92089
92090
92091
92092
92093
92094
92095
92096
92097
92098
92099
92100
92101
92102
92103
92104
92105
92106
92107
92108
92109
92110
92111
92112
92113
92114
92115
92116
92117
92118
92119
92120
92121
92122
92123
92124
92125
92126
92127
92128
92129
92130
92131
92132
92133
92134
92135
92136
92137
92138
92139
92140
92141
92142
92143
92144
92145
92146
92147
92148
92149
92150
92151
92152
92153
92154
92155
92156
92157
92158
92159
92160
92161
92162
93089
93090
93091
93092
93093
93094
93095
93096
93097
93098
93099
93100
93101
93102
93103
93104
93105
93106
93107
93108
93109
93110
93111
93112
93113
93114
93115
93116
93117
93118
93119
93120
93121
93122
93123
93124
93125
93126
93127
93128
93129
93130
93131
93132
93133
93134
93135
93136
93137
93138
93139
93140
93141
93142
93143
93144
93145
93146
93147
93148
93149
93150
93151
93152
93153
93154
93155
93156
93157
93158
93159
93160
93161
93162
93166
93167
94088
94089
94090
94091
94092
94093
94094
94095
94096
94097
94098
94099
94100
94101
94102
94103
94104
94105
94106
94107
94108
94109
94110
94111
94112
94113
94114
94115
94116
94117
94118
94119
94120
94121
94122
94123
94124
94125
94126
94127
94128
94129
94130
94131
94132
94133
94134
94135
94136
94137
94138
94139
94140
94141
94142
94143
94144
94145
94146
94147
94148
94149
94150
94151
94152
94153
94154
94155
94156
94157
94158
94159
94160
94161
94162
94163
94166
94167
94168
95087
95088
95089
95090
95091
95092
95093
95094
95095
95096
95097
95098
95099
95100
95101
95102
95103
95104
95105
95106
95107
95108
95109
95110
95111
95112
95113
95114
95115
95116
95117
95118
95119
95120
95121
95122
95123
95124
95125
95126
95127
95128
95129
95130
95131
95132
95133
95134
95135
95136
95137
95138
95139
95140
95141
95142
95143
95144
95145
95146
95147
95148
95149
95150
95151
95152
95153
95154
95155
95156
95157
95158
95159
95160
95161
95162
95163
95164
95165
95166
95167
95168
96087
96088
96089
96090
96091
96092
96093
96094
96095
96096
96097
96098
96099
96100
96101
96102
96103
96104
96105
96106
96107
96108
96109
96110
96111
96112
96113
96114
96115
96116
96117
96118
96119
96120
96121
96122
96123
96124
96125
96126
96127
96128
96129
96130
96131
96132
96133
96134
96135
96136
96137
96138
96139
96140
96141
96142
96143
96144
96145
96146
96147
96148
96149
96150
96151
96152
96153
96154
96155
96156
96157
96158
96159
96160
96161
96162
96163
96164
96165
96166
96167
96168
96169
97088
97089
97090
97091
97092
97093
97094
97095
97096
97097
97098
97099
97100
97101
97102
97103
97104
97105
97106
97107
97108
97109
97110
97111
97112
97113
97114
97115
97116
97117
97118
97119
97120
97121
97122
97123
97124
97125
97126
97127
97128
97129
97130
97131
97132
97133
97134
97135
97136
97137
97138
97139
97140
97141
97142
97143
97144
97145
97146
97147
97148
97149
97150
97151
97152
97153
97154
97155
97156
97157
97158
97159
97160
97161
97162
97163
97164
97165
97166
97167
97168
97169
98090
98091
98092
98093
98094
98095
98096
98097
98098
98099
98100
98101
98102
98103
98104
98105
98106
98107
98108
98109
98110
98111
98112
98113
98114
98115
98116
98117
98118
98119
98120
98121
98122
98123
98124
98125
98126
98127
98128
98129
98130
98131
98132
98133
98134
98135
98136
98137
98138
98139
98140
98141
98142
98143
98144
98145
98146
98147
98148
98149
98150
98151
98152
98153
98154
98155
98156
98157
98158
98159
98160
98161
98162
98163
98164
98165
98166
98167
98168
98169
99091
99092
99093
99094
99095
99096
99097
99098
99099
99100
99101
99102
99103
99104
99105
99106
99107
99108
99109
99110
99111
99112
99113
99114
99115
99116
99117
99118
99119
99120
99121
99122
99123
99124
99125
99126
99127
99128
99129
99130
99131
99132
99133
99134
99135
99136
99137
99138
99139
99140
99141
99142
99143
99144
99145
99146
99147
99148
99149
99150
99151
99152
99153
99154
99155
99156
99157
99158
99159
99160
99161
99162
99163
99164
99165
99166
99167
99168
99169
100091
100092
100093
100094
100095
100096
100097
100098
100099
100100
100101
100102
100103
100104
100105
100106
100107
100108
100109
100110
100111
100112
100113
100114
100115
100116
100117
100118
100119
100120
100121
100122
100123
100124
100125
100126
100127
100128
100129
100130
100131
100132
100133
100134
100135
100136
100137
100138
100139
100140
100141
100142
100143
100144
100145
100146
100147
100148
100149
100150
100151
100152
100153
100154
100155
100156
100157
100158
100159
100160
100161
100162
100163
100164
100165
100166
100167
100168
100169
100170
101091
101092
101093
101094
101095
101096
101097
101098
101099
101100
101101
101102
101103
101104
101105
101106
101107
101108
101109
101110
101111
101112
101113
101114
101115
101116
101117
101118
101119
101120
101121
101122
101123
101124
101125
101126
101127
101128
101129
101130
101131
101132
101133
101134
101135
101136
101137
101138
101139
101140
101141
101142
101143
101144
101145
101146
101147
101148
101149
101150
101151
101152
101153
101154
101155
101156
101157
101158
101159
101160
101161
101162
101163
101164
101165
101166
101167
101168
101169
101170
102091
102092
102093
102094
102095
102096
102097
102098
102099
102100
102101
102102
102103
102104
102105
102106
102107
102108
102109
102110
102111
102112
102113
102114
102115
102116
102117
102118
102119
102120
102121
102122
102123
102124
102125
102126
102127
102128
102129
102130
102131
102132
102133
102134
102135
102136
102137
102138
102139
102140
102141
102142
102143
102144
102145
102146
102147
102148
102149
102150
102151
102152
102153
102154
102155
102156
102157
102158
102159
102160
102161
102162
102163
102164
102165
102166
102167
102168
102169
102170
103091
103092
103093
103094
103095
103096
103097
103098
103099
103100
103101
103102
103103
103104
103105
103106
103107
103108
103109
103110
103111
103112
103113
103114
103115
103116
103117
103118
103119
103120
103121
103122
103123
103124
103125
103126
103127
103128
103129
103130
103131
103132
103133
103134
103135
103136
103137
103138
103139
103140
103141
103142
103143
103144
103145
103146
103147
103148
103149
103150
103151
103152
103153
103154
103155
103156
103157
103158
103159
103160
103161
103162
103163
103164
103165
103166
103167
103168
103169
103170
104090
104091
104092
104093
104094
104095
104096
104097
104098
104099
104100
104101
104102
104103
104104
104105
104106
104107
104108
104109
104110
104111
104112
104113
104114
104115
104116
104117
104118
104119
104120
104121
104122
104123
104124
104125
104126
104127
104128
104129
104130
104131
104132
104133
104134
104135
104136
104137
104138
104139
104140
104141
104142
104143
104144
104145
104146
104147
104148
104149
104150
104151
104152
104153
104154
104155
104156
104157
104158
104159
104160
104161
104162
104163
104164
104165
104166
104167
104168
104169
104170
105090
105091
105092
105093
105094
105095
105096
105097
105098
105099
105100
105101
105102
105103
105104
105105
105106
105107
105108
105109
105110
105111
105112
105113
105114
105115
105116
105117
105118
105119
105120
105121
105122
105123
105124
105125
105126
105127
105128
105129
105130
105131
105132
105133
105134
105135
105136
105137
105138
105139
105140
105141
105142
105143
105144
105145
105146
105147
105148
105149
105150
105151
105152
105153
105154
105155
105156
105157
105158
105159
105160
105161
105162
105163
105164
105165
105166
105167
105168
105169
105170
106090
106091
106092
106093
106094
106095
106096
106097
106098
106099
106100
106101
106102
106103
106104
106105
106106
106107
106108
106109
106110
106111
106112
106113
106114
106115
106116
106117
106118
106119
106120
106121
106122
106123
106124
106125
106126
106127
106128
106129
106130
106131
106132
106133
106134
106135
106136
106137
106138
106139
106140
106141
106142
106143
106144
106145
106146
106147
106148
106149
106150
106151
106152
106153
106154
106155
106156
106157
106158
106159
106160
106161
106162
106163
106164
106165
106166
106167
106168
106169
106170
107092
107093
107094
107095
107096
107097
107098
107099
107100
107101
107102
107103
107104
107105
107106
107107
107108
107109
107110
107111
107112
107113
107114
107115
107116
107117
107118
107119
107120
107121
107122
107123
107124
107125
107126
107127
107128
107129
107130
107131
107132
107133
107134
107135
107136
107137
107138
107139
107140
107141
107142
107143
107144
107145
107146
107147
107148
107149
107150
107151
107152
107153
107154
107155
107156
107157
107158
107159
107160
107161
107162
107163
107164
107165
107166
107167
107168
107169
107170
108092
108093
108094
108095
108096
108097
108098
108099
108100
108101
108102
108103
108104
108105
108106
108107
108108
108109
108110
108111
108112
108113
108114
108115
108116
108117
108118
108119
108120
108121
108122
108123
108124
108125
108126
108127
108128
108129
108130
108131
108132
108133
108134
108135
108136
108137
108138
108139
108140
108141
108142
108143
108144
108145
108146
108147
108148
108149
108150
108151
108152
108153
108154
108155
108156
108157
108158
108159
108160
108161
108162
108163
108164
108165
108166
108167
108168
108169
108170
108171
109091
109092
109093
109094
109095
109096
109097
109098
109099
109100
109101
109102
109103
109104
109105
109106
109107
109108
109109
109110
109111
109112
109113
109114
109115
109116
109117
109118
109119
109120
109121
109122
109123
109124
109125
109126
109127
109128
109129
109130
109131
109132
109133
109134
109135
109136
109137
109138
109139
109140
109141
109142
109143
109144
109145
109146
109147
109148
109149
109150
109151
109152
109153
109154
109155
109156
109157
109158
109159
109160
109161
109162
109163
109164
109165
109166
109167
109168
109169
109170
109171
110091
110092
110093
110094
110095
110096
110097
110098
110099
110100
110101
110102
110103
110104
110105
110106
110107
110108
110109
110110
110111
110112
110113
110114
110115
110116
110117
110118
110119
110120
110121
110122
110123
110124
110125
110126
110127
110128
110129
110130
110131
110132
110133
110134
110135
110136
110137
110138
110139
110140
110141
110142
110143
110144
110145
110146
110147
110148
110149
110150
110151
110152
110153
110154
110155
110156
110157
110158
110159
110160
110161
110162
110163
110164
110165
110166
110167
110168
110169
110170
110171
111090
111091
111092
111093
111094
111095
111096
111097
111098
111099
111100
111101
111102
111103
111104
111105
111106
111107
111108
111109
111110
111111
111112
111113
111114
111115
111116
111117
111118
111119
111120
111121
111122
111123
111124
111125
111126
111127
111128
111129
111130
111131
111132
111133
111134
111135
111136
111137
111138
111139
111140
111141
111142
111143
111144
111145
111146
111147
111148
111149
111150
111151
111152
111153
111154
111155
111156
111157
111158
111159
111160
111161
111162
111163
111164
111165
111166
111167
111168
111169
111170
111171
112089
112090
112091
112092
112093
112094
112095
112096
112097
112098
112099
112100
112101
112102
112103
112104
112105
112106
112107
112108
112109
112110
112111
112112
112113
112114
112115
112116
112117
112118
112119
112120
112121
112122
112123
112124
112125
112126
112127
112128
112129
112130
112131
112132
112133
112134
112135
112136
112137
112138
112139
112140
112141
112142
112143
112144
112145
112146
112147
112148
112149
112150
112151
112152
112153
112154
112155
112156
112157
112158
112159
112160
112161
112162
112163
112164
112165
112166
112167
112168
112169
112170
112171
113089
113090
113091
113092
113093
113094
113095
113096
113097
113098
113099
113100
113101
113102
113103
113104
113105
113106
113107
113108
113109
113110
113111
113112
113113
113114
113115
113116
113117
113118
113119
113120
113121
113122
113123
113124
113125
113126
113127
113128
113129
113130
113131
113132
113133
113134
113135
113136
113137
113138
113139
113140
113141
113142
113143
113144
113145
113146
113147
113148
113149
113150
113151
113152
113153
113154
113155
113156
113157
113158
113159
113160
113161
113162
113163
113164
113165
113166
113167
113168
113169
113170
113171
114089
114090
114091
114092
114093
114094
114095
114096
114097
114098
114099
114100
114101
114102
114103
114104
114105
114106
114107
114108
114109
114110
114111
114112
114113
114114
114115
114116
114117
114118
114119
114120
114121
114122
114123
114124
114125
114126
114127
114128
114129
114130
114131
114132
114133
114134
114135
114136
114137
114138
114139
114140
114141
114142
114143
114144
114145
114146
114147
114148
114149
114150
114151
114152
114153
114154
114155
114156
114157
114158
114159
114160
114161
114162
114163
114164
114165
114166
114167
114168
114169
114170
114171
115089
115090
115091
115092
115093
115094
115095
115096
115097
115098
115099
115100
115101
115102
115103
115104
115105
115106
115107
115108
115109
115110
115111
115112
115113
115114
115115
115116
115117
115118
115119
115120
115121
115122
115123
115124
115125
115126
115127
115128
115129
115130
115131
115132
115133
115134
115135
115136
115137
115138
115139
115140
115141
115142
115143
115144
115145
115146
115147
115148
115149
115150
115151
115152
115153
115154
115155
115156
115157
115158
115159
115160
115161
115162
115163
115164
115165
115166
115167
115168
115169
115170
115171
116088
116089
116090
116091
116092
116093
116094
116095
116096
116097
116098
116099
116100
116101
116102
116103
116104
116105
116106
116107
116108
116109
116110
116111
116112
116113
116114
116115
116116
116117
116118
116119
116120
116121
116122
116123
116124
116125
116126
116127
116128
116129
116130
116131
116132
116133
116134
116135
116136
116137
116138
116139
116140
116141
116142
116143
116144
116145
116146
116147
116148
116149
116150
116151
116152
116153
116154
116155
116156
116157
116158
116159
116160
116161
116162
116163
116164
116165
116166
116167
116168
116169
116170
116171
117087
117088
117089
117090
117091
117092
117093
117094
117095
117096
117097
117098
117099
117100
117101
117102
117103
117104
117105
117106
117107
117108
117109
117110
117111
117112
117113
117114
117115
117116
117117
117118
117119
117120
117121
117122
117123
117124
117125
117126
117127
117128
117129
117130
117131
117132
117133
117134
117135
117136
117137
117138
117139
117140
117141
117142
117143
117144
117145
117146
117147
117148
117149
117150
117151
117152
117153
117154
117155
117156
117157
117158
117159
117160
117161
117162
117163
117164
117165
117166
117167
117168
117169
117170
117171
118085
118086
118087
118088
118089
118090
118091
118092
118093
118094
118095
118096
118097
118098
118099
118100
118101
118102
118103
118104
118105
118106
118107
118108
118109
118110
118111
118112
118113
118114
118115
118116
118117
118118
118119
118120
118121
118122
118123
118124
118125
118126
118127
118128
118129
118130
118131
118132
118133
118134
118135
118136
118137
118138
118139
118140
118141
118142
118143
118144
118145
118146
118147
118148
118149
118150
118151
118152
118153
118154
118155
118156
118157
118158
118159
118160
118161
118162
118163
118164
118165
118166
118167
118168
118169
118170
118171
119085
119086
119087
119088
119089
119090
119091
119092
119093
119094
119095
119096
119097
119098
119099
119100
119101
119102
119103
119104
119105
119106
119107
119108
119109
119110
119111
119112
119113
119114
119115
119116
119117
119118
119119
119120
119121
119122
119123
119124
119125
119126
119127
119128
119129
119130
119131
119132
119133
119134
119135
119136
119137
119138
119139
119140
119141
119142
119143
119144
119145
119146
119147
119148
119149
119150
119151
119152
119153
119154
119155
119156
119157
119158
119159
119160
119161
119162
119163
119164
119165
119166
119167
119168
119169
119170
120084
120085
120086
120087
120088
120089
120090
120091
120092
120093
120094
120095
120096
120097
120098
120099
120100
120101
120102
120103
120104
120105
120106
120107
120108
120109
120110
120111
120112
120113
120114
120115
120116
120117
120118
120119
120120
120121
120122
120123
120124
120125
120126
120127
120128
120129
120130
120131
120132
120133
120134
120135
120136
120137
120138
120139
120140
120141
120142
120143
120144
120145
120146
120147
120148
120149
120150
120151
120152
120153
120154
120155
120156
120157
120158
120159
120160
120161
120162
120163
120164
120165
120166
120167
120168
120169
120170
121085
121086
121087
121088
121089
121090
121091
121092
121093
121094
121095
121096
121097
121098
121099
121100
121101
121102
121103
121104
121105
121106
121107
121108
121109
121110
121111
121112
121113
121114
121115
121116
121117
121118
121119
121120
121121
121122
121123
121124
121125
121126
121127
121128
121129
121130
121131
121132
121133
121134
121135
121136
121137
121138
121139
121140
121141
121142
121143
121144
121145
121146
121147
121148
121149
121150
121151
121152
121153
121154
121155
121156
121157
121158
121159
121160
121161
121162
121163
121164
121165
121166
121167
121168
121169
121170
122086
122087
122088
122089
122090
122091
122092
122093
122094
122095
122096
122097
122098
122099
122100
122101
122102
122103
122104
122105
122106
122107
122108
122109
122110
122111
122112
122113
122114
122115
122116
122117
122118
122119
122120
122121
122122
122123
122124
122125
122126
122127
122128
122129
122130
122131
122132
122133
122134
122135
122136
122137
122138
122139
122140
122141
122142
122143
122144
122145
122146
122147
122148
122149
122150
122151
122152
122153
122154
122155
122156
122157
122158
122159
122160
122161
122162
122163
122164
122165
122166
122167
122168
122169
122170
123086
123087
123088
123089
123090
123091
123092
123093
123094
123095
123096
123097
123098
123099
123100
123101
123102
123103
123104
123105
123106
123107
123108
123109
123110
123111
123112
123113
123114
123115
123116
123117
123118
123119
123120
123121
123122
123123
123124
123125
123126
123127
123128
123129
123130
123131
123132
123133
123134
123135
123136
123137
123138
123139
123140
123141
123142
123143
123144
123145
123146
123147
123148
123149
123150
123151
123152
123153
123154
123155
123156
123157
123158
123159
123160
123161
123162
123163
123164
123165
123166
123167
123168
123169
123170
124087
124088
124089
124090
124091
124092
124093
124094
124095
124096
124097
124098
124099
124100
124101
124102
124103
124104
124105
124106
124107
124108
124109
124110
124111
124112
124113
124114
124115
124116
124117
124118
124119
124120
124121
124122
124123
124124
124125
124126
124127
124128
124129
124130
124131
124132
124133
124134
124135
124136
124137
124138
124139
124140
124141
124142
124143
124144
124145
124146
124147
124148
124149
124150
124151
124152
124153
124154
124155
124156
124157
124158
124159
124160
124161
124162
124163
124164
124165
124166
124167
124168
124169
125093
125094
125095
125096
125097
125098
125099
125100
125101
125102
125103
125104
125105
125106
125107
125108
125109
125110
125111
125112
125113
125114
125115
125116
125117
125118
125119
125120
125121
125122
125123
125124
125125
125126
125127
125128
125129
125130
125131
125132
125133
125134
125135
125136
125137
125138
125139
125140
125141
125142
125143
125144
125145
125146
125147
125148
125149
125150
125151
125152
125153
125154
125155
125156
125157
125158
125159
125160
125161
125162
125163
125164
125165
125166
125167
125168
125169
126095
126096
126097
126098
126099
126100
126101
126102
126103
126104
126105
126106
126107
126108
126109
126110
126111
126112
126113
126114
126115
126116
126117
126118
126119
126120
126121
126122
126123
126124
126125
126126
126127
126128
126129
126130
126131
126132
126133
126134
126135
126136
126137
126138
126139
126140
126141
126142
126143
126144
126145
126146
126147
126148
126149
126150
126151
126152
126153
126154
126155
126156
126157
126158
126159
126160
126161
126162
126163
126164
126165
126166
126167
126168
126169
126170
127095
127096
127097
127098
127099
127100
127101
127102
127103
127104
127105
127106
127107
127108
127109
127110
127111
127112
127113
127114
127115
127116
127117
127118
127119
127120
127121
127122
127123
127124
127125
127126
127127
127128
127129
127130
127131
127132
127133
127134
127135
127136
127137
127138
127139
127140
127141
127142
127143
127144
127145
127146
127147
127148
127149
127150
127151
127152
127153
127154
127155
127156
127157
127158
127159
127160
127161
127162
127163
127164
127165
127166
127167
127168
127169
127170
128094
128095
128096
128097
128098
128099
128100
128101
128102
128103
128104
128105
128106
128107
128108
128109
128110
128111
128112
128113
128114
128115
128116
128117
128118
128119
128120
128121
128122
128123
128124
128125
128126
128127
128128
128129
128130
128131
128132
128133
128134
128135
128136
128137
128138
128139
128140
128141
128142
128143
128144
128145
128146
128147
128148
128149
128150
128151
128152
128153
128154
128155
128156
128157
128158
128159
128160
128161
128162
128163
128164
128165
128166
128167
128168
128169
128170
129094
129095
129096
129097
129098
129099
129100
129101
129102
129103
129104
129105
129106
129107
129108
129109
129110
129111
129112
129113
129114
129115
129116
129117
129118
129119
129120
129121
129122
129123
129124
129125
129126
129127
129128
129129
129130
129131
129132
129133
129134
129135
129136
129137
129138
129139
129140
129141
129142
129143
129144
129145
129146
129147
129148
129149
129150
129151
129152
129153
129154
129155
129156
129157
129158
129159
129160
129161
129162
129163
129164
129165
129166
129167
129168
129169
129170
130094
130095
130096
130097
130098
130099
130100
130101
130102
130103
130104
130105
130106
130107
130108
130109
130110
130111
130112
130113
130114
130115
130116
130117
130118
130119
130120
130121
130122
130123
130124
130125
130126
130127
130128
130129
130130
130131
130132
130133
130134
130135
130136
130137
130138
130139
130140
130141
130142
130143
130144
130145
130146
130147
130148
130149
130150
130151
130152
130153
130154
130155
130156
130157
130158
130159
130160
130161
130162
130163
130164
130165
130166
130167
130168
130169
130170
131095
131096
131097
131098
131099
131100
131101
131102
131103
131104
131105
131106
131107
131108
131109
131110
131111
131112
131113
131114
131115
131116
131117
131118
131119
131120
131121
131122
131123
131124
131125
131126
131127
131128
131129
131130
131131
131132
131133
131134
131135
131136
131137
131138
131139
131140
131141
131142
131143
131144
131145
131146
131147
131148
131149
131150
131151
131152
131153
131154
131155
131156
131157
131158
131159
131160
131161
131162
131163
131164
131165
131166
131167
131168
131169
131170
132096
132097
132098
132099
132100
132101
132102
132103
132104
132105
132106
132107
132108
132109
132110
132111
132112
132113
132114
132115
132116
132117
132118
132119
132120
132121
132122
132123
132124
132125
132126
132127
132128
132129
132130
132131
132132
132133
132134
132135
132136
132137
132138
132139
132140
132141
132142
132143
132144
132145
132146
132147
132148
132149
132150
132151
132152
132153
132154
132155
132156
132157
132158
132159
132160
132161
132162
132163
132164
132165
132166
132167
132168
132169
132170
133097
133098
133099
133100
133101
133102
133103
133104
133105
133106
133107
133108
133109
133110
133111
133112
133113
133114
133115
133116
133117
133118
133119
133120
133121
133122
133123
133124
133125
133126
133127
133128
133129
133130
133131
133132
133133
133134
133135
133136
133137
133138
133139
133140
133141
133142
133143
133144
133145
133146
133147
133148
133149
133150
133151
133152
133153
133154
133155
133156
133157
133158
133159
133160
133161
133162
133163
133164
133165
133166
133167
133168
133169
133170
134096
134097
134098
134099
134100
134101
134102
134103
134104
134105
134106
134107
134108
134109
134110
134111
134112
134113
134114
134115
134116
134117
134118
134119
134120
134121
134122
134123
134124
134125
134126
134127
134128
134129
134130
134131
134132
134133
134134
134135
134136
134137
134138
134139
134140
134141
134142
134143
134144
134145
134146
134147
134148
134149
134150
134151
134152
134153
134154
134155
134156
134157
134158
134159
134160
134161
134162
134163
134164
134165
134166
134167
134168
134169
134170
134171
135096
135097
135098
135099
135100
135101
135102
135103
135104
135105
135106
135107
135108
135109
135110
135111
135112
135113
135114
135115
135116
135117
135118
135119
135120
135121
135122
135123
135124
135125
135126
135127
135128
135129
135130
135131
135132
135133
135134
135135
135136
135137
135138
135139
135140
135141
135142
135143
135144
135145
135146
135147
135148
135149
135150
135151
135152
135153
135154
135155
135156
135157
135158
135159
135160
135161
135162
135163
135164
135165
135166
135167
135168
135169
135170
135171
136097
136098
136099
136100
136101
136102
136103
136104
136105
136106
136107
136108
136109
136110
136111
136112
136113
136114
136115
136116
136117
136118
136119
136120
136121
136122
136123
136124
136125
136126
136127
136128
136129
136130
136131
136132
136133
136134
136135
136136
136137
136138
136139
136140
136141
136142
136143
136144
136145
136146
136147
136148
136149
136150
136151
136152
136153
136154
136155
136156
136157
136158
136159
136160
136161
136162
136163
136164
136165
136166
136167
136168
136169
136170
136171
137097
137098
137099
137100
137101
137102
137103
137104
137105
137106
137107
137108
137109
137110
137111
137112
137113
137114
137115
137116
137117
137118
137119
137120
137121
137122
137123
137124
137125
137126
137127
137128
137129
137130
137131
137132
137133
137134
137135
137136
137137
137138
137139
137140
137141
137142
137143
137144
137145
137146
137147
137148
137149
137150
137151
137152
137153
137154
137155
137156
137157
137158
137159
137160
137161
137162
137163
137164
137165
137166
137167
137168
137169
137170
137171
138098
138099
138100
138101
138102
138103
138104
138105
138106
138107
138108
138109
138110
138111
138112
138113
138114
138115
138116
138117
138118
138119
138120
138121
138122
138123
138124
138125
138126
138127
138128
138129
138130
138131
138132
138133
138134
138135
138136
138137
138138
138139
138140
138141
138142
138143
138144
138145
138146
138147
138148
138149
138150
138151
138152
138153
138154
138155
138156
138157
138158
138159
138160
138161
138162
138163
138164
138165
138166
138167
138168
138169
138170
138171
139100
139101
139102
139103
139104
139105
139106
139107
139108
139109
139110
139111
139112
139113
139114
139115
139116
139117
139118
139119
139120
139121
139122
139123
139124
139125
139126
139127
139128
139129
139130
139131
139132
139133
139134
139135
139136
139137
139138
139139
139140
139141
139142
139143
139144
139145
139146
139147
139148
139149
139150
139151
139152
139153
139154
139155
139156
139157
139158
139159
139160
139161
139162
139163
139164
139165
139166
139167
139168
139169
139170
139171
140101
140102
140103
140104
140105
140106
140107
140108
140109
140110
140111
140112
140113
140114
140115
140116
140117
140118
140119
140120
140121
140122
140123
140124
140125
140126
140127
140128
140129
140130
140131
140132
140133
140134
140135
140136
140137
140138
140139
140140
140141
140142
140143
140144
140145
140146
140147
140148
140149
140150
140151
140152
140153
140154
140155
140156
140157
140158
140159
140160
140161
140162
140163
140164
140165
140166
140167
140168
140169
140170
140171
141102
141103
141104
141105
141106
141107
141108
141109
141110
141111
141112
141113
141114
141115
141116
141117
141118
141119
141120
141121
141122
141123
141124
141125
141126
141127
141128
141129
141130
141131
141132
141133
141134
141135
141136
141137
141138
141139
141140
141141
141142
141143
141144
141145
141146
141147
141148
141149
141150
141151
141152
141153
141154
141155
141156
141157
141158
141159
141160
141161
141162
141163
141164
141165
141166
141167
141168
141169
141170
141171
142106
142107
142108
142109
142110
142111
142112
142113
142114
142115
142116
142117
142118
142119
142120
142121
142122
142123
142124
142125
142126
142127
142128
142129
142130
142131
142132
142133
142134
142135
142136
142137
142138
142139
142140
142141
142142
142143
142144
142145
142146
142147
142148
142149
142150
142151
142152
142153
142154
142155
142156
142160
142161
142162
142163
142164
142165
142166
142167
142168
142169
142170
142171
143106
143107
143108
143109
143110
143111
143112
143113
143114
143115
143116
143117
143118
143119
143120
143121
143122
143123
143124
143125
143126
143127
143128
143129
143130
143131
143132
143133
143134
143135
143136
143137
143138
143139
143140
143141
143142
143143
143144
143145
143146
143147
143148
143149
143150
143151
143152
143153
143154
143155
143160
143161
143162
143163
143164
143165
143166
143167
143168
143169
143170
143171
144106
144107
144108
144109
144110
144111
144112
144113
144114
144115
144116
144117
144118
144119
144120
144121
144122
144123
144124
144125
144126
144127
144128
144129
144130
144131
144132
144133
144134
144135
144136
144137
144138
144139
144140
144141
144142
144143
144144
144145
144146
144147
144148
144149
144150
144151
144152
144153
144154
144155
144160
144161
144162
144163
144164
144165
144166
144167
144168
144169
144170
144171
145095
145108
145109
145110
145111
145112
145113
145114
145115
145116
145117
145118
145119
145120
145121
145122
145123
145124
145125
145126
145127
145128
145129
145130
145131
145132
145133
145134
145135
145136
145137
145138
145139
145140
145141
145142
145143
145144
145145
145146
145147
145148
145149
145150
145151
145152
145153
145154
145155
145164
145165
145166
145167
145168
145169
145170
145171
146097
146108
146109
146110
146111
146112
146113
146114
146115
146116
146117
146118
146119
146120
146121
146122
146123
146124
146125
146126
146127
146128
146129
146130
146131
146132
146133
146134
146135
146136
146137
146138
146139
146140
146141
146142
146143
146144
146145
146146
146147
146148
146149
146150
146151
146166
146167
146168
146169
146170
146171
147108
147109
147110
147111
147112
147113
147114
147115
147116
147117
147118
147119
147120
147121
147122
147123
147124
147125
147126
147127
147128
147129
147130
147131
147132
147133
147134
147135
147136
147137
147138
147139
147140
147141
147142
147143
147144
147145
147146
147147
147148
147149
147150
147151
147167
147168
147169
147170
147171
148109
148110
148111
148112
148113
148114
148115
148116
148117
148118
148119
148120
148121
148122
148123
148124
148125
148128
148129
148130
148131
148132
148133
148134
148135
148136
148137
148138
148139
148140
148141
148142
148143
148144
148145
148146
148147
148148
148149
148150
148151
148169
148170
148171
149109
149110
149111
149112
149113
149114
149115
149116
149117
149118
149119
149120
149121
149122
149123
149124
149125
149137
149138
149139
149140
149141
149142
149143
149144
149145
149146
149147
149148
149149
149150
149151
149170
149171
150109
150110
150111
150112
150113
150114
150115
150116
150117
150118
150119
150120
150121
150122
150123
150124
150125
150137
150138
150139
150140
150141
150142
150143
150144
150145
150146
150147
150148
150149
150150
150151
151109
151110
151111
151112
151113
151114
151115
151116
151117
151118
151119
151120
151121
151122
151123
151124
151125
151136
151137
151138
151139
151140
151141
151142
151143
151144
151145
151146
151147
151148
151149
151150
151151
152111
152112
152113
152114
152115
152116
152117
152118
152119
152120
152121
152122
152123
152124
152125
152136
152137
152138
152139
152140
152141
152142
152143
152144
152145
152146
152147
152148
152149
152150
153110
153111
153112
153113
153114
153115
153116
153117
153118
153119
153120
153121
153122
153123
153124
153125
153136
153137
153138
153139
153140
153141
153142
153143
153144
153145
154110
154111
154112
154113
154114
154115
154116
154117
154118
154119
154120
154121
154122
154123
154124
154125
154126
154139
154140
154141
154142
154143
154144
155111
155112
155113
155114
155115
155116
155117
155118
155119
155120
155121
155122
155123
155124
155125
155126
156112
156113
156114
156115
156116
156117
156118
156119
156120
156121
156122
156123
156124
156125
157112
157113
157114
157115
157116
157117
157118
157119
157120
157121
157122
157123
157124
157125
158112
158113
158114
158115
158116
158117
158121
158122
158123
158124
158125
159121
159122
159123
159124
160122
160123
160124
161122
161123
