CellID
101180
102178
102179
102180
102181
103178
103179
103180
103181
104178
104179
104180
104181
105177
105178
105179
105180
105181
106177
106178
106179
106180
106181
106182
107177
107178
107179
107180
107181
107182
107183
108177
108178
108179
108180
108181
108182
108183
109177
109178
109179
109180
109181
109182
109183
110176
110177
110178
110179
110180
110181
110182
110183
111176
111177
111178
111179
111180
111181
111182
111183
112175
112176
112177
112178
112179
112180
112181
112182
112183
113175
113176
113177
113178
113179
113180
113181
113182
113183
114174
114175
114176
114177
114178
114179
114180
114181
114182
114183
115174
115175
115176
115177
115178
115179
115180
115181
115182
115183
116171
116172
116173
116174
116175
116176
116177
116178
116179
116180
116181
116182
116183
117171
117172
117173
117174
117175
117176
117177
117178
117179
117180
117181
117182
117183
118169
118170
118171
118172
118173
118174
118175
118176
118177
118178
118179
118180
118181
118182
118183
119169
119170
119171
119172
119173
119174
119175
119176
119177
119178
119179
119180
119181
119182
119183
120170
120171
120172
120173
120174
120175
120176
120177
120178
120179
120180
120181
120182
120183
121170
121171
121172
121173
121174
121175
121176
121177
121178
121179
121180
121181
121182
121183
122170
122171
122172
122173
122174
122175
122176
122177
122178
122179
122180
122181
122182
122183
123169
123170
123171
123172
123173
123174
123175
123176
123177
123178
123179
123180
123181
123182
123183
124169
124170
124171
124172
124173
124174
124175
124176
124177
124178
124179
124180
124181
124182
124183
125169
125170
125171
125172
125173
125174
125175
125176
125177
125178
125179
125180
125181
125182
125183
126169
126170
126171
126172
126173
126174
126175
126176
126177
126178
126179
126180
126181
126182
126183
127170
127171
127172
127173
127174
127175
127176
127177
127178
127179
127180
127181
127182
127183
128170
128171
128172
128173
128174
128175
128176
128177
128178
128179
128180
128181
128182
128183
129170
129171
129172
129173
129174
129175
129176
129177
129178
129179
129180
129181
129182
129183
130170
130171
130172
130173
130174
130175
130176
130177
130178
130179
130180
130181
130182
130183
131170
131171
131172
131173
131174
131175
131176
131177
131178
131179
131180
131181
131182
131183
132170
132171
132172
132173
132174
132175
132176
132177
132178
132179
132180
132181
132182
132183
133170
133171
133172
133173
133174
133175
133176
133177
133178
133179
133180
133181
133182
133183
134170
134171
134172
134173
134174
134175
134176
134177
134178
134179
134180
134181
134182
134183
135170
135171
135172
135173
135174
135175
135176
135177
135178
135179
135180
135181
135182
135183
136171
136172
136173
136174
136175
136176
136177
136178
136179
136180
136181
136182
136183
137171
137172
137173
137174
137175
137176
137177
137178
137179
137180
137181
137182
137183
138171
138172
138173
138174
138175
138176
138177
138178
138179
138180
138181
138182
138183
139171
139172
139173
139174
139175
139176
139177
139178
139179
139180
139181
139182
139183
140171
140172
140173
140174
140175
140176
140177
140178
140179
140180
140181
140182
140183
141171
141172
141173
141174
141175
141176
141177
141178
141179
141180
141181
141182
141183
142171
142172
142173
142174
142175
142176
142177
142178
142179
142180
142181
142182
142183
143171
143172
143173
143174
143175
143176
143177
143178
143179
143180
143181
143182
143183
144171
144172
144173
144174
144175
144176
144177
144178
144179
144180
144181
144182
144183
145171
145172
145173
145174
145175
145176
145177
145178
145179
145180
145181
145182
145183
146171
146172
146173
146174
146175
146176
146177
146178
146179
146180
146181
146182
146183
147171
147172
147173
147174
147175
147176
147177
147178
147179
147180
147181
147182
147183
148171
148172
148173
148174
148175
148176
148177
148178
148179
148180
148181
148182
148183
149171
149172
149173
149174
149175
149176
149177
149178
149179
149180
149181
149182
149183
150171
150172
150173
150174
150175
150176
150177
150178
150179
150180
150181
150182
150183
151171
151172
151173
151174
151175
151176
151177
151178
151179
151180
151181
151182
151183
152171
152172
152173
152174
152175
152176
152177
152178
152179
152180
152181
152182
152183
153171
153172
153173
153174
153175
153176
153177
153178
153179
153180
153181
153182
153183
154171
154172
154173
154174
154175
154176
154177
154178
154179
154180
154182
154183
155171
155172
155173
155174
155175
155176
155177
155178
155179
155180
155182
155183
156172
156173
156174
156175
156176
156177
156178
156179
156180
156182
156183
157173
157174
157175
157176
157177
157178
157179
157180
157182
157183
158173
158174
158175
158176
158177
158178
158179
158180
158182
158183
159173
159174
159175
159176
159177
159178
159179
159180
159182
159183
160173
160174
160175
160176
160177
160178
160179
160180
161173
161174
161175
161176
161177
161178
161179
162173
162174
162175
162176
162177
162178
162179
163173
163174
163175
163176
163177
163178
163179
164173
164174
164175
164176
164177
164178
164179
165173
165174
165175
165176
165177
165178
165179
166173
166174
166175
166176
166177
166178
166179
167173
167174
167175
167176
167177
167178
167179
168173
168174
168175
168176
168177
168178
169173
169174
169175
169176
169177
169178
170173
170174
170175
170176
170177
170178
171173
171174
171175
171176
171177
171178
172173
172174
172175
172176
172177
172178
173174
173175
173176
173177
173178
174174
174175
174176
174177
174178
175174
175175
175176
175177
176174
176175
176176
176177
177174
177175
177176
177177
178174
178175
178176
178177
179174
179175
179176
179177
180174
180175
180176
180177
181174
181175
181176
181177
182174
182175
182176
182177
183174
183175
183176
184174
184175
184176
185174
185175
185176
186174
186175
186176
187174
187175
187176
188174
188175
189174
189175
190175
191174
191175
