CellID
102006
102007
103006
103007
104006
104007
105007
106007
106011
106012
107007
107011
107012
108007
108011
108012
108013
109007
109010
109011
109012
109013
110007
110010
110011
110012
110013
111007
111009
111010
111011
111012
111013
112007
112009
112010
112011
112012
112013
113007
113008
113010
113011
113012
114007
114008
114010
114011
114012
115007
115008
115009
115010
115011
115012
116007
116008
116009
116010
116011
116012
116013
117007
117008
117009
117010
117011
117012
117013
118007
118008
118009
118010
118011
118012
118013
119008
119009
119010
119011
119012
119013
120007
120008
120009
120010
120011
120012
120013
121007
121008
121009
121010
121011
121012
121013
122007
122008
122009
122010
122011
122012
122013
123007
123008
123009
123010
123011
123012
123013
124007
124008
124009
124010
124011
124012
125007
125008
125009
125010
125011
125012
126004
126005
126007
126008
126009
126010
126011
126012
127004
127005
127007
127008
127009
127010
127011
127012
128004
128007
128008
128009
128010
128011
128012
129004
129005
129007
129008
129009
129010
129011
129012
130004
130007
130008
130009
130010
130011
130012
131004
131005
131007
131008
131009
131010
131011
131012
132004
132005
132007
132008
132009
132010
132011
132012
133004
133005
133007
133008
133009
133010
133011
133012
134005
134007
134008
134009
134010
134011
134012
135005
135007
135008
135009
135010
135011
135012
136005
136007
136008
136009
136010
136011
136012
137005
137007
137008
137009
137010
137011
137012
138005
138007
138008
138009
138010
138011
138012
138013
139005
139007
139008
139009
139010
139011
139012
140005
140007
140008
140009
140010
140011
140012
140013
141005
141007
141008
141009
141010
141011
141012
141013
142004
142005
142007
142008
142009
142010
142011
142012
142013
143004
143005
143007
143008
143009
143010
143011
143012
143013
144004
144005
144007
144008
144009
144010
144011
144012
144013
144014
145004
145005
145006
145007
145008
145009
145010
145011
145012
145013
145014
146004
146005
146006
146007
146008
146009
146010
146011
146012
146013
146014
146015
147004
147005
147006
147007
147008
147009
147010
147011
147012
147013
147014
147015
148004
148005
148006
148007
148008
148009
148010
148011
148012
148013
148014
149004
149005
149006
149007
149008
149009
149010
149011
149012
149013
149014
150004
150005
150006
150007
150008
150009
150010
150011
150012
150013
151004
151005
151006
151007
151008
151009
151010
151011
151012
151013
152004
152005
152006
152007
152008
152009
152010
152011
152012
152013
153004
153005
153006
153007
153008
153009
153010
153011
153012
153013
154004
154005
154006
154007
154008
154009
154010
154011
154012
154013
155004
155005
155006
155007
155008
155009
155010
155011
155012
155013
156004
156005
156006
156007
156008
156009
156010
156011
156012
156013
157004
157005
157006
157007
157008
157009
157010
157011
157012
158004
158005
158006
158007
158008
158009
158010
158011
158012
159004
159005
159006
159007
159008
159009
159010
159011
160004
160005
160006
160007
160008
160009
160010
160011
161004
161005
161006
161007
161008
161009
161010
161011
162004
162005
162006
162007
162008
162009
162010
162011
163003
163004
163005
163006
163007
163008
163009
163010
163011
164003
164004
164005
164006
164007
164008
164009
164010
164011
165003
165004
165005
165006
165007
165008
165009
165010
165011
165013
166003
166004
166005
166006
166007
166008
166009
166010
166011
166012
166013
167003
167004
167005
167006
167007
167008
167009
167010
167011
167012
167013
168003
168004
168005
168006
168007
168008
168009
168010
168011
168012
168013
168014
169003
169004
169005
169006
169007
169008
169009
169010
169011
169012
169013
169014
170003
170004
170005
170006
170007
170008
170009
170010
170011
170012
170013
170014
170015
171003
171004
171005
171006
171007
171008
171009
171010
171011
171012
171013
171014
171015
171016
171017
171018
171019
171020
172003
172004
172005
172006
172007
172008
172009
172010
172011
172012
172013
172014
172015
172016
172017
172018
172019
172020
172021
173003
173004
173005
173006
173007
173008
173009
173010
173011
173012
173013
173014
173015
173016
173017
173018
173019
173020
173021
173022
174003
174004
174005
174006
174007
174008
174009
174010
174011
174012
174013
174014
174015
174016
174017
174018
174019
174020
174021
174022
174023
175003
175004
175005
175006
175007
175008
175009
175010
175011
175012
175013
175014
175015
175016
175017
175018
175019
175020
175021
175022
175023
175024
176003
176004
176005
176006
176007
176008
176009
176010
176011
176012
176013
176014
176015
176016
176017
176018
176019
176020
176021
176022
176023
176024
176025
177003
177004
177005
177006
177007
177008
177009
177010
177011
177012
177013
177014
177015
177016
177017
177018
177019
177020
177021
177022
177023
177024
177025
177026
178003
178004
178005
178006
178007
178008
178009
178010
178011
178012
178013
178014
178015
178016
178017
178018
178019
178020
178021
178022
178023
178024
178025
178026
178027
178028
179003
179004
179005
179006
179007
179008
179009
179010
179011
179012
179013
179014
179015
179016
179017
179018
179019
179020
179021
179022
179023
179024
179025
179026
179027
179028
179029
180003
180004
180005
180006
180007
180008
180009
180010
180011
180012
180013
180014
180015
180016
180017
180018
180019
180020
180021
180022
180023
180024
180025
180026
180027
180028
180029
180030
181003
181004
181005
181006
181007
181008
181009
181010
181011
181012
181013
181014
181015
181016
181017
181018
181019
181020
181021
181022
181023
181024
181025
181026
181027
181028
181029
181030
182003
182004
182005
182006
182007
182008
182009
182010
182011
182012
182013
182014
182015
182016
182017
182018
182019
182020
182021
182022
182023
182024
182025
182026
182027
182028
182029
182030
182031
183003
183004
183005
183006
183007
183008
183009
183010
183011
183012
183013
183014
183015
183016
183017
183018
183019
183020
183021
183022
183023
183024
183025
183026
183027
183028
183029
183030
183031
183032
184003
184004
184005
184006
184007
184008
184009
184010
184011
184012
184013
184014
184015
184016
184017
184018
184019
184020
184021
184022
184023
184024
184025
184026
184027
184028
184029
184030
184031
184032
184033
184034
185003
185004
185005
185006
185007
185008
185009
185010
185011
185012
185013
185014
185015
185016
185017
185018
185019
185020
185021
185022
185023
185024
185025
185026
185027
185028
185029
185030
185031
185032
185033
185034
186003
186004
186005
186006
186007
186008
186009
186010
186011
186012
186013
186014
186015
186016
186017
186018
186019
186020
186021
186022
186023
186024
186025
186026
186027
186028
186029
186030
186031
186032
186033
186034
187003
187004
187005
187006
187007
187008
187009
187010
187011
187012
187013
187014
187015
187016
187017
187018
187019
187020
187021
187022
187023
187024
187025
187026
187027
187028
187029
187030
187031
187032
187033
187034
188003
188004
188005
188006
188007
188008
188009
188010
188011
188012
188013
188014
188015
188016
188017
188018
188019
188020
188021
188022
188023
188024
188025
188026
188027
188028
188029
188030
188031
188032
188033
188034
189003
189004
189005
189006
189007
189008
189009
189010
189011
189012
189013
189014
189015
189016
189017
189018
189019
189020
189021
189022
189023
189024
189025
189026
189027
189028
189029
189030
189031
189032
189033
189034
189035
190003
190004
190005
190006
190007
190008
190009
190010
190011
190012
190013
190014
190015
190016
190017
190018
190019
190020
190021
190022
190023
190024
190025
190026
190027
190028
190029
190030
190031
190032
190033
190034
190035
191004
191005
191006
191007
191008
191009
191010
191011
191012
191013
191014
191015
191016
191017
191018
191019
191020
191021
191022
191023
191024
191025
191026
191027
191028
191029
191030
191031
191032
191033
191034
191035
191036
192004
192005
192006
192007
192008
192009
192010
192011
192012
192013
192014
192015
192016
192017
192018
192019
192020
192021
192022
192023
192024
192025
192026
192027
192028
192029
192030
192031
192032
192033
192034
192035
192036
193005
193006
193007
193008
193009
193010
193011
193012
193013
193014
193015
193016
193017
193018
193019
193020
193021
193022
193023
193024
193025
193026
193027
193028
193029
193030
193031
193032
194006
194007
194008
194009
194010
194011
194012
194013
194014
194015
194016
194017
194018
194019
194020
194021
194022
194023
194024
194025
194026
194027
194028
194029
194030
194031
195007
195008
195009
195010
195011
195012
195013
195014
195015
195016
195017
195018
195019
195020
195021
195022
195023
195024
195025
195026
195027
196008
196009
196010
196011
196012
196013
196014
196015
196016
196017
196018
196019
196020
196021
196022
196023
196024
196025
196026
196027
197008
197009
197010
197011
197012
197013
197014
197015
197016
197017
197018
197019
197020
197021
197022
197023
197024
197025
197026
197027
198009
198010
198011
198012
198013
198014
198015
198016
198017
198018
198019
198020
198021
198022
198023
198024
198025
198026
198027
199009
199010
199011
199012
199013
199014
199015
199016
199017
199018
199019
199020
199021
199022
199023
199024
199025
200010
200011
200015
200016
200017
200018
200019
200020
200021
200022
200023
