CellID
141156
141157
141158
141159
141160
142155
142156
142157
142158
142159
142160
143155
143156
143157
143158
143159
143160
144155
144156
144157
144158
144159
144160
144161
144162
144163
144164
145151
145152
145153
145154
145155
145156
145157
145158
145159
145160
145161
145162
145163
145164
145165
145166
145167
146151
146152
146153
146154
146155
146156
146157
146158
146159
146160
146161
146162
146163
146164
146165
146166
146167
146168
146169
147125
147126
147127
147128
147131
147132
147151
147152
147153
147154
147155
147156
147157
147158
147159
147160
147161
147162
147163
147164
147165
147166
147167
147168
147169
148125
148126
148127
148128
148129
148130
148131
148132
148133
148134
148135
148136
148137
148151
148152
148153
148154
148155
148156
148157
148158
148159
148160
148161
148162
148163
148164
148165
148166
148167
148168
148169
148170
149125
149126
149127
149128
149129
149130
149131
149132
149133
149134
149135
149136
149137
149151
149152
149153
149154
149155
149156
149157
149158
149159
149160
149161
149162
149163
149164
149165
149166
149167
149168
149169
149170
149171
150125
150126
150127
150128
150129
150130
150131
150132
150133
150134
150135
150136
150137
150151
150152
150153
150154
150155
150156
150157
150158
150159
150160
150161
150162
150163
150164
150165
150166
150167
150168
150169
150170
150171
151125
151126
151127
151128
151129
151130
151131
151132
151133
151134
151135
151136
151137
151150
151151
151152
151153
151154
151155
151156
151157
151158
151159
151160
151161
151162
151163
151164
151165
151166
151167
151168
151169
151170
151171
152125
152126
152127
152128
152129
152130
152131
152132
152133
152134
152135
152136
152145
152146
152147
152148
152149
152150
152151
152152
152153
152154
152155
152156
152157
152158
152159
152160
152161
152162
152163
152164
152165
152166
152167
152168
152169
152170
152171
153125
153126
153127
153128
153129
153130
153131
153132
153133
153134
153135
153136
153137
153138
153139
153144
153145
153146
153147
153148
153149
153150
153151
153152
153153
153154
153155
153156
153157
153158
153159
153160
153161
153162
153163
153164
153165
153166
153167
153168
153169
153170
153171
154125
154126
154127
154128
154129
154130
154131
154132
154133
154134
154135
154136
154137
154138
154139
154140
154141
154142
154143
154144
154145
154146
154147
154148
154149
154150
154151
154152
154153
154154
154155
154156
154157
154158
154159
154160
154161
154162
154163
154164
154165
154166
154167
154168
154169
154170
154171
155125
155126
155127
155128
155129
155130
155131
155132
155133
155134
155135
155136
155137
155138
155139
155140
155141
155142
155143
155144
155145
155146
155147
155148
155149
155150
155151
155152
155153
155154
155155
155156
155157
155158
155159
155160
155161
155162
155163
155164
155165
155166
155167
155168
155169
155170
155171
155172
155173
156125
156126
156127
156128
156129
156130
156131
156132
156133
156134
156135
156136
156137
156138
156139
156140
156141
156142
156143
156144
156145
156146
156147
156148
156149
156150
156151
156152
156153
156154
156155
156156
156157
156158
156159
156160
156161
156162
156163
156164
156165
156166
156167
156168
156169
156170
156171
156172
156173
157117
157118
157119
157120
157121
157125
157126
157127
157128
157129
157130
157131
157132
157133
157134
157135
157136
157137
157138
157139
157140
157141
157142
157143
157144
157145
157146
157147
157148
157149
157150
157151
157152
157153
157154
157155
157156
157157
157158
157159
157160
157161
157162
157163
157164
157165
157166
157167
157168
157169
157170
157171
157172
157173
158104
158105
158111
158112
158113
158114
158115
158116
158117
158118
158119
158120
158121
158124
158125
158126
158127
158128
158129
158130
158131
158132
158133
158134
158135
158136
158137
158138
158139
158140
158141
158142
158143
158144
158145
158146
158147
158148
158149
158150
158151
158152
158153
158154
158155
158156
158157
158158
158159
158160
158161
158162
158163
158164
158165
158166
158167
158168
158169
158170
158171
158172
158173
158174
159103
159104
159105
159106
159107
159108
159109
159110
159111
159112
159113
159114
159115
159116
159117
159118
159119
159120
159121
159122
159124
159125
159126
159127
159128
159129
159130
159131
159132
159133
159134
159135
159136
159137
159138
159139
159140
159141
159142
159143
159144
159145
159146
159147
159148
159149
159150
159151
159152
159153
159154
159155
159156
159157
159158
159159
159160
159161
159162
159163
159164
159165
159166
159167
159168
159169
159170
159171
159172
159173
160102
160103
160104
160105
160106
160107
160108
160109
160110
160111
160112
160113
160114
160115
160116
160117
160118
160119
160120
160121
160122
160123
160124
160125
160126
160127
160128
160129
160130
160131
160132
160133
160134
160135
160136
160137
160138
160139
160140
160141
160142
160143
160144
160145
160146
160147
160148
160149
160150
160151
160152
160153
160154
160155
160156
160157
160158
160159
160160
160161
160162
160163
160164
160165
160166
160167
160168
160169
160170
160171
160172
160173
161094
161095
161096
161097
161098
161099
161100
161101
161102
161103
161104
161105
161106
161107
161108
161109
161110
161111
161112
161113
161114
161115
161116
161117
161118
161119
161120
161121
161122
161123
161124
161125
161126
161127
161128
161129
161130
161131
161132
161133
161134
161135
161136
161137
161138
161139
161140
161141
161142
161143
161144
161145
161146
161147
161148
161149
161150
161151
161152
161153
161154
161155
161156
161157
161158
161159
161160
161161
161162
161163
161164
161165
161166
161167
161168
161169
161170
161171
161172
161173
162093
162094
162095
162096
162097
162098
162099
162100
162101
162102
162103
162104
162105
162106
162107
162108
162109
162110
162111
162112
162113
162114
162115
162116
162117
162118
162119
162120
162121
162122
162123
162124
162125
162126
162127
162128
162129
162130
162131
162132
162133
162134
162135
162136
162137
162138
162139
162140
162141
162142
162143
162144
162145
162146
162147
162148
162149
162150
162151
162152
162153
162154
162155
162156
162157
162158
162159
162160
162161
162162
162163
162164
162165
162166
162167
162168
162169
162170
162171
162172
162173
163093
163094
163095
163096
163097
163098
163099
163100
163101
163102
163103
163104
163105
163106
163107
163108
163109
163110
163111
163112
163113
163114
163115
163116
163117
163118
163119
163120
163121
163122
163123
163124
163125
163126
163127
163128
163129
163130
163131
163132
163133
163134
163135
163136
163137
163138
163139
163140
163141
163142
163143
163144
163145
163146
163147
163148
163149
163150
163151
163152
163153
163154
163155
163156
163157
163158
163159
163160
163161
163162
163163
163164
163165
163166
163167
163168
163169
163170
163171
163172
163173
164079
164080
164081
164082
164085
164086
164087
164088
164089
164090
164091
164092
164093
164094
164095
164096
164097
164098
164099
164100
164101
164102
164103
164104
164105
164106
164107
164108
164109
164110
164111
164112
164113
164114
164115
164116
164117
164118
164119
164120
164121
164122
164123
164124
164125
164126
164127
164128
164129
164130
164131
164132
164133
164134
164135
164136
164137
164138
164139
164140
164141
164142
164143
164144
164145
164146
164147
164148
164149
164150
164151
164152
164153
164154
164155
164156
164157
164158
164159
164160
164161
164162
164163
164164
164165
164166
164167
164168
164169
164170
164171
164172
164173
165079
165080
165081
165082
165083
165084
165085
165086
165087
165088
165089
165090
165091
165092
165093
165094
165095
165096
165097
165098
165099
165100
165101
165102
165103
165104
165105
165106
165107
165108
165109
165110
165111
165112
165113
165114
165115
165116
165117
165118
165119
165120
165121
165122
165123
165124
165125
165126
165127
165128
165129
165130
165131
165132
165133
165134
165135
165136
165137
165138
165139
165140
165141
165142
165143
165144
165145
165146
165147
165148
165149
165150
165151
165152
165153
165154
165155
165156
165157
165158
165159
165160
165161
165162
165163
165164
165165
165166
165167
165168
165169
165170
165171
165172
165173
166079
166080
166081
166082
166083
166084
166085
166086
166087
166088
166089
166090
166091
166092
166093
166094
166095
166096
166097
166098
166099
166100
166101
166102
166103
166104
166105
166106
166107
166108
166109
166110
166111
166112
166113
166114
166115
166116
166117
166118
166119
166120
166121
166122
166123
166124
166125
166126
166127
166128
166129
166130
166131
166132
166133
166134
166135
166136
166137
166138
166139
166140
166141
166142
166143
166144
166145
166146
166147
166148
166149
166150
166151
166152
166153
166154
166155
166156
166157
166158
166159
166160
166161
166162
166163
166164
166165
166166
166167
166168
166169
166170
166171
166172
166173
167079
167080
167081
167082
167083
167084
167085
167086
167087
167088
167089
167090
167091
167092
167093
167094
167095
167096
167097
167098
167099
167100
167101
167102
167103
167104
167105
167106
167107
167108
167109
167110
167111
167112
167113
167114
167115
167116
167117
167118
167119
167120
167121
167122
167123
167124
167125
167126
167127
167128
167129
167130
167131
167132
167133
167134
167135
167136
167137
167138
167139
167140
167141
167142
167143
167144
167145
167146
167147
167148
167149
167150
167151
167152
167153
167154
167155
167156
167157
167158
167159
167160
167161
167162
167163
167164
167165
167166
167167
167168
167169
167170
167171
167172
167173
168077
168078
168079
168080
168081
168082
168083
168084
168085
168086
168087
168088
168089
168090
168091
168092
168093
168094
168095
168096
168097
168098
168099
168100
168101
168102
168103
168104
168105
168106
168107
168108
168109
168110
168111
168112
168113
168114
168115
168116
168117
168118
168119
168120
168121
168122
168123
168124
168125
168126
168127
168128
168129
168130
168131
168132
168133
168134
168135
168136
168137
168138
168139
168140
168141
168142
168143
168144
168145
168146
168147
168148
168149
168150
168151
168152
168153
168154
168155
168156
168157
168158
168159
168160
168161
168162
168163
168164
168165
168166
168167
168168
168169
168170
168171
168172
168173
169077
169078
169079
169080
169081
169082
169083
169084
169085
169086
169087
169088
169089
169090
169091
169092
169093
169094
169095
169096
169097
169098
169099
169100
169101
169102
169103
169104
169105
169106
169107
169108
169109
169110
169111
169112
169113
169114
169115
169116
169117
169118
169119
169120
169121
169122
169123
169124
169125
169126
169127
169128
169129
169130
169131
169132
169133
169134
169135
169136
169137
169138
169139
169140
169141
169142
169143
169144
169145
169146
169147
169148
169149
169150
169151
169152
169153
169154
169155
169156
169157
169158
169159
169160
169161
169162
169163
169164
169165
169166
169167
169168
169169
169170
169171
169172
169173
170077
170078
170079
170080
170081
170082
170083
170084
170085
170086
170087
170088
170089
170090
170091
170092
170093
170094
170095
170096
170097
170098
170099
170100
170101
170102
170103
170104
170105
170106
170107
170108
170109
170110
170111
170112
170113
170114
170115
170116
170117
170118
170119
170120
170121
170122
170123
170124
170125
170126
170127
170128
170129
170130
170131
170132
170133
170134
170135
170136
170137
170138
170139
170140
170141
170142
170143
170144
170145
170146
170147
170148
170149
170150
170151
170152
170153
170154
170155
170156
170157
170158
170159
170160
170161
170162
170163
170164
170165
170166
170167
170168
170169
170170
170171
170172
170173
171076
171077
171078
171079
171080
171081
171082
171083
171084
171085
171086
171087
171088
171089
171090
171091
171092
171093
171094
171095
171096
171097
171098
171099
171100
171101
171102
171103
171104
171105
171106
171107
171108
171109
171110
171111
171112
171113
171114
171115
171116
171117
171118
171119
171120
171121
171122
171123
171124
171125
171126
171127
171128
171129
171130
171131
171132
171133
171134
171135
171136
171137
171138
171139
171140
171141
171142
171143
171144
171145
171146
171147
171148
171149
171150
171151
171152
171153
171154
171155
171156
171157
171158
171159
171160
171161
171162
171163
171164
171165
171166
171167
171168
171169
171170
171171
171172
171173
172075
172076
172077
172078
172079
172080
172081
172082
172083
172084
172085
172086
172087
172088
172089
172090
172091
172092
172093
172094
172095
172096
172097
172098
172099
172100
172101
172102
172103
172104
172105
172106
172107
172108
172109
172110
172111
172112
172113
172114
172115
172116
172117
172118
172119
172120
172121
172122
172123
172124
172125
172126
172127
172128
172129
172130
172131
172132
172133
172134
172135
172136
172137
172138
172139
172140
172141
172142
172143
172144
172145
172146
172147
172148
172149
172150
172151
172152
172153
172154
172155
172156
172157
172158
172159
172160
172161
172162
172163
172164
172165
172166
172167
172168
172169
172170
172171
172172
172173
172174
173074
173075
173076
173077
173078
173079
173080
173081
173082
173083
173084
173085
173086
173087
173088
173089
173090
173091
173092
173093
173094
173095
173096
173097
173098
173099
173100
173101
173102
173103
173104
173105
173106
173107
173108
173109
173110
173111
173112
173113
173114
173115
173116
173117
173118
173119
173120
173121
173122
173123
173124
173125
173126
173127
173128
173129
173130
173131
173132
173133
173134
173135
173136
173137
173138
173139
173140
173141
173142
173143
173144
173145
173146
173147
173148
173149
173150
173151
173152
173153
173154
173155
173156
173157
173158
173159
173160
173161
173162
173163
173164
173165
173166
173167
173168
173169
173170
173171
173172
173173
173174
174074
174075
174076
174077
174078
174079
174080
174081
174082
174083
174084
174085
174086
174087
174088
174089
174090
174091
174092
174093
174094
174095
174096
174097
174098
174099
174100
174101
174102
174103
174104
174105
174106
174107
174108
174109
174110
174111
174112
174113
174114
174115
174116
174117
174118
174119
174120
174121
174122
174123
174124
174125
174126
174127
174128
174129
174130
174131
174132
174133
174134
174135
174136
174137
174138
174139
174140
174141
174142
174143
174144
174145
174146
174147
174148
174149
174150
174151
174152
174153
174154
174155
174156
174157
174158
174159
174160
174161
174162
174163
174164
174165
174166
174167
174168
174169
174170
174171
174172
174173
174174
175074
175075
175076
175077
175078
175079
175080
175081
175082
175083
175084
175085
175086
175087
175088
175089
175090
175091
175092
175093
175094
175095
175096
175097
175098
175099
175100
175101
175102
175103
175104
175105
175106
175107
175108
175109
175110
175111
175112
175113
175114
175115
175116
175117
175118
175119
175120
175121
175122
175123
175124
175125
175126
175127
175128
175129
175130
175131
175132
175133
175134
175135
175136
175137
175138
175139
175140
175141
175142
175143
175144
175145
175146
175147
175148
175149
175150
175151
175152
175153
175154
175155
175156
175157
175158
175159
175160
175161
175162
175163
175164
175165
175166
175167
175168
175169
175170
175171
175172
175173
175174
176079
176080
176081
176082
176083
176084
176085
176086
176087
176088
176089
176090
176091
176092
176093
176094
176095
176096
176097
176098
176099
176100
176101
176102
176103
176104
176105
176106
176107
176108
176109
176110
176111
176112
176113
176114
176115
176116
176117
176118
176119
176120
176121
176122
176123
176124
176125
176126
176127
176128
176129
176130
176131
176132
176133
176134
176135
176136
176137
176138
176139
176140
176141
176142
176143
176144
176145
176146
176147
176148
176149
176150
176151
176152
176153
176154
176155
176156
176157
176158
176159
176160
176161
176162
176163
176164
176165
176166
176167
176168
176169
176170
176171
176172
176173
176174
177080
177081
177082
177083
177084
177085
177086
177087
177088
177089
177090
177091
177092
177093
177094
177095
177096
177097
177098
177099
177100
177101
177102
177103
177104
177105
177106
177107
177108
177109
177110
177111
177112
177113
177114
177115
177116
177117
177118
177119
177120
177121
177122
177123
177124
177125
177126
177127
177128
177129
177130
177131
177132
177133
177134
177135
177136
177137
177138
177139
177140
177141
177142
177143
177144
177145
177146
177147
177148
177149
177150
177151
177152
177153
177154
177155
177156
177157
177158
177159
177160
177161
177162
177163
177164
177165
177166
177167
177168
177169
177170
177171
177172
177173
177174
178080
178081
178082
178083
178084
178085
178086
178087
178088
178089
178090
178091
178092
178093
178094
178095
178096
178097
178098
178099
178100
178101
178102
178103
178104
178105
178106
178107
178108
178109
178110
178111
178112
178113
178114
178115
178116
178117
178118
178119
178120
178121
178122
178123
178124
178125
178126
178127
178128
178129
178130
178131
178132
178133
178134
178135
178136
178137
178138
178139
178140
178141
178142
178143
178144
178145
178146
178147
178148
178149
178150
178151
178152
178153
178154
178155
178156
178157
178158
178159
178160
178161
178162
178163
178164
178165
178166
178167
178168
178169
178170
178171
178172
178173
178174
179080
179081
179082
179083
179084
179085
179086
179087
179088
179089
179090
179091
179092
179093
179094
179095
179096
179097
179098
179099
179100
179101
179102
179103
179104
179105
179106
179107
179108
179109
179110
179111
179112
179113
179114
179115
179116
179117
179118
179119
179120
179121
179122
179123
179124
179125
179126
179127
179128
179129
179130
179131
179132
179133
179134
179135
179136
179137
179138
179139
179140
179141
179142
179143
179144
179145
179146
179147
179148
179149
179150
179151
179152
179153
179154
179155
179156
179157
179158
179159
179160
179161
179162
179163
179164
179165
179166
179167
179168
179169
179170
179171
179172
179173
179174
180081
180082
180083
180084
180085
180086
180087
180088
180089
180090
180091
180092
180093
180094
180095
180096
180097
180098
180099
180100
180101
180102
180103
180104
180105
180106
180107
180108
180109
180110
180111
180112
180113
180114
180115
180116
180117
180118
180119
180120
180121
180122
180123
180124
180125
180126
180127
180128
180129
180130
180131
180132
180133
180134
180135
180136
180137
180138
180139
180140
180141
180142
180143
180144
180145
180146
180147
180148
180149
180150
180151
180152
180153
180154
180155
180156
180157
180158
180159
180160
180161
180162
180163
180164
180165
180166
180167
180168
180169
180170
180171
180172
180173
180174
181081
181082
181083
181084
181085
181086
181087
181088
181089
181090
181091
181092
181093
181094
181095
181096
181097
181098
181099
181100
181101
181102
181103
181104
181105
181106
181107
181108
181109
181110
181111
181112
181113
181114
181115
181116
181117
181118
181119
181120
181121
181122
181123
181124
181125
181126
181127
181128
181129
181130
181131
181132
181133
181134
181135
181136
181137
181138
181139
181140
181141
181142
181143
181144
181145
181146
181147
181148
181149
181150
181151
181152
181153
181154
181155
181156
181157
181158
181159
181160
181161
181162
181163
181164
181165
181166
181167
181168
181169
181170
181171
181172
181173
181174
182081
182082
182083
182084
182085
182086
182087
182088
182089
182090
182091
182092
182093
182094
182095
182096
182097
182098
182099
182100
182101
182102
182103
182104
182105
182106
182107
182108
182109
182110
182111
182112
182113
182114
182115
182116
182117
182118
182119
182120
182121
182122
182123
182124
182125
182126
182127
182128
182129
182130
182131
182132
182133
182134
182135
182136
182137
182138
182139
182140
182141
182142
182143
182144
182145
182146
182147
182148
182149
182150
182151
182152
182153
182154
182155
182156
182157
182158
182159
182160
182161
182162
182163
182164
182165
182166
182167
182168
182169
182170
182171
182172
182173
182174
183081
183082
183083
183084
183085
183086
183087
183088
183089
183090
183091
183092
183093
183094
183095
183096
183097
183098
183099
183100
183101
183102
183103
183104
183105
183106
183107
183108
183109
183110
183111
183112
183113
183114
183115
183116
183117
183118
183119
183120
183121
183122
183123
183124
183125
183126
183127
183128
183129
183130
183131
183132
183133
183134
183135
183136
183137
183138
183139
183140
183141
183142
183143
183144
183145
183146
183147
183148
183149
183150
183151
183152
183153
183154
183155
183156
183157
183158
183159
183160
183161
183162
183163
183164
183165
183166
183167
183168
183169
183170
183171
183172
183173
183174
184081
184082
184083
184084
184085
184086
184087
184088
184089
184090
184091
184092
184093
184094
184095
184096
184097
184098
184099
184100
184101
184102
184103
184104
184105
184106
184107
184108
184109
184110
184111
184112
184113
184114
184115
184116
184117
184118
184119
184120
184121
184122
184123
184124
184125
184126
184127
184128
184129
184130
184131
184132
184133
184134
184135
184136
184137
184138
184139
184140
184141
184142
184143
184144
184145
184146
184147
184148
184149
184150
184151
184152
184153
184154
184155
184156
184157
184158
184159
184160
184161
184162
184163
184164
184165
184166
184167
184168
184169
184170
184171
184172
184173
184174
185082
185083
185084
185085
185086
185087
185088
185089
185090
185091
185092
185093
185094
185095
185096
185097
185098
185099
185100
185101
185102
185103
185104
185105
185106
185107
185108
185109
185110
185111
185112
185113
185114
185115
185116
185117
185118
185119
185120
185121
185122
185123
185124
185125
185126
185127
185128
185129
185130
185131
185132
185133
185134
185135
185136
185137
185138
185139
185140
185141
185142
185143
185144
185145
185146
185147
185148
185149
185150
185151
185152
185153
185154
185155
185156
185157
185158
185159
185160
185161
185162
185163
185164
185165
185166
185167
185168
185169
185170
185171
185172
185173
185174
186081
186082
186083
186084
186085
186086
186087
186088
186089
186090
186091
186092
186093
186094
186095
186096
186097
186098
186099
186100
186101
186102
186103
186104
186105
186106
186107
186108
186109
186110
186111
186112
186113
186114
186115
186116
186117
186118
186119
186120
186121
186122
186123
186124
186125
186126
186127
186128
186129
186130
186131
186132
186133
186134
186135
186136
186137
186138
186139
186140
186141
186142
186143
186144
186145
186146
186147
186148
186149
186150
186151
186152
186153
186154
186155
186156
186157
186158
186159
186160
186161
186162
186163
186164
186165
186166
186167
186168
186169
186170
186171
186172
186173
186174
187081
187082
187083
187084
187085
187086
187087
187088
187089
187090
187091
187092
187093
187094
187095
187096
187097
187098
187099
187100
187101
187102
187103
187104
187105
187106
187107
187108
187109
187110
187111
187112
187113
187114
187115
187116
187117
187118
187119
187120
187121
187122
187123
187124
187125
187126
187127
187128
187129
187130
187131
187132
187133
187134
187135
187136
187137
187138
187139
187140
187141
187142
187143
187144
187145
187146
187147
187148
187149
187150
187151
187152
187153
187154
187155
187156
187157
187158
187159
187160
187161
187162
187163
187164
187165
187166
187167
187168
187169
187170
187171
187172
187173
187174
188081
188082
188083
188084
188085
188086
188087
188088
188089
188090
188091
188092
188093
188094
188095
188096
188097
188098
188099
188100
188101
188102
188103
188104
188105
188106
188107
188108
188109
188110
188111
188112
188113
188114
188115
188116
188117
188118
188119
188120
188121
188122
188123
188124
188125
188126
188127
188128
188129
188130
188131
188132
188133
188134
188135
188136
188137
188138
188139
188140
188141
188142
188143
188144
188145
188146
188147
188148
188149
188150
188151
188152
188153
188154
188155
188156
188157
188158
188159
188160
188161
188162
188163
188164
188165
188166
188167
188168
188169
188170
188171
188172
188173
188174
189086
189087
189088
189089
189090
189091
189092
189093
189094
189095
189096
189097
189098
189099
189100
189101
189102
189103
189104
189105
189106
189107
189108
189109
189110
189111
189112
189113
189114
189115
189116
189117
189118
189119
189120
189121
189122
189123
189124
189125
189126
189127
189128
189129
189130
189131
189132
189133
189134
189135
189136
189137
189138
189139
189140
189141
189142
189143
189144
189145
189146
189147
189148
189149
189150
189151
189152
189153
189154
189155
189156
189157
189158
189159
189160
189161
189162
189163
189164
189165
189166
189167
189168
189169
189170
189171
189172
189173
189174
189175
190100
190101
190102
190103
190104
190105
190106
190107
190108
190109
190110
190111
190112
190113
190114
190115
190116
190117
190118
190119
190120
190121
190122
190123
190124
190125
190126
190127
190128
190129
190130
190131
190132
190133
190134
190135
190136
190137
190138
190139
190140
190141
190142
190143
190144
190145
190146
190147
190148
190149
190150
190151
190152
190153
190154
190155
190156
190157
190158
190159
190160
190161
190162
190163
190164
190165
190166
190167
190168
190169
190170
190171
190172
190173
190174
190175
191101
191102
191103
191104
191105
191106
191107
191108
191109
191110
191111
191112
191113
191114
191115
191116
191117
191118
191119
191120
191121
191122
191123
191124
191125
191126
191127
191128
191129
191130
191131
191132
191133
191134
191135
191136
191137
191138
191139
191140
191141
191142
191143
191144
191145
191146
191147
191148
191149
191150
191151
191152
191153
191154
191155
191156
191157
191158
191159
191160
191161
191162
191163
191164
191165
191166
191167
191168
191169
191170
191171
191172
191173
191174
191175
191176
192102
192103
192104
192105
192106
192107
192108
192109
192110
192111
192112
192113
192114
192115
192116
192117
192118
192119
192120
192121
192122
192123
192124
192125
192126
192127
192128
192129
192130
192131
192132
192133
192134
192135
192136
192137
192138
192139
192140
192141
192142
192143
192144
192145
192146
192147
192148
192149
192150
192151
192152
192153
192154
192155
192156
192157
192158
192159
192160
192161
192162
192163
192164
192165
192166
192167
192168
192169
192170
192171
192172
192173
192174
192175
192176
193106
193107
193108
193109
193110
193111
193112
193113
193114
193115
193116
193117
193118
193119
193120
193121
193122
193123
193124
193125
193126
193127
193128
193129
193130
193131
193132
193133
193134
193135
193136
193137
193138
193139
193140
193141
193142
193143
193144
193145
193146
193147
193148
193149
193150
193151
193152
193153
193154
193155
193156
193157
193158
193159
193160
193161
193162
193163
193164
193165
193166
193167
193168
193169
193170
193171
193172
193173
193174
193175
194110
194111
194112
194113
194114
194115
194116
194117
194118
194119
194120
194121
194122
194123
194124
194125
194126
194127
194128
194129
194130
194131
194132
194133
194134
194135
194136
194137
194138
194139
194140
194141
194142
194143
194144
194145
194146
194147
194148
194149
194150
194151
194152
194153
194154
194155
194156
194157
194158
194159
194160
194161
194162
194163
194164
194165
194166
194167
194168
194169
194170
194171
194172
194173
194174
194175
195110
195111
195112
195113
195114
195115
195116
195117
195118
195119
195120
195121
195122
195123
195124
195125
195126
195127
195128
195129
195130
195131
195132
195133
195134
195135
195136
195137
195138
195139
195140
195141
195142
195143
195144
195145
195146
195147
195148
195149
195150
195151
195152
195153
195154
195155
195156
195157
195158
195159
195160
195161
195162
195163
195164
195165
195166
195167
195168
195169
195170
195171
195172
195173
195174
195175
196115
196116
196117
196118
196119
196120
196121
196122
196123
196124
196125
196126
196127
196128
196129
196130
196131
196132
196133
196134
196135
196136
196137
196138
196139
196140
196141
196142
196143
196144
196145
196146
196147
196148
196149
196150
196151
196152
196153
196154
196155
196156
196157
196158
196159
196160
196161
196162
196163
196164
196165
196166
196167
196168
196169
196170
196171
196172
196173
196174
196175
197126
197127
197128
197129
197130
197131
197132
197133
197134
197135
197136
197137
197138
197139
197140
197141
197142
197143
197144
197145
197146
197147
197148
197149
197150
197151
197152
197153
197154
197155
197156
197157
197158
197159
197160
197161
197162
197163
197164
197165
197166
197167
197168
197169
197170
197171
197172
197173
197174
197175
198133
198134
198135
198136
198137
198138
198139
198140
198141
198142
198143
198144
198145
198146
198147
198148
198149
198150
198151
198152
198153
198154
198155
198156
198157
198158
198159
198160
198161
198162
198163
198164
198165
198166
198167
198168
198169
198170
198173
198174
198175
199136
199137
199138
199139
199140
199141
199142
199143
199144
199145
199146
199147
199148
199149
199150
199151
199152
199153
199154
199155
199156
199157
199158
199159
199160
199161
199162
199163
199164
199165
199166
199167
199168
200152
200153
200154
200157
200158
200159
200160
200161
200162
200163
200164
200165
200166
