CellID
187085
187086
188082
188083
188084
188085
188086
188095
189082
189083
189084
189085
189086
189087
189088
189089
189090
189091
189092
189093
189094
189095
189096
189097
189098
189099
189100
190083
190084
190085
190086
190087
190088
190089
190090
190091
190092
190093
190094
190095
190096
190097
190098
190099
190100
190101
191082
191083
191084
191085
191086
191087
191088
191089
191090
191091
191092
191093
191094
191095
191096
191097
191098
191099
191100
191101
191102
192079
192080
192081
192082
192083
192084
192085
192086
192087
192088
192089
192090
192091
192092
192093
192094
192095
192096
192097
192098
192099
192100
192101
192102
192103
192104
192105
192106
193079
193080
193081
193082
193083
193084
193085
193086
193087
193088
193089
193090
193091
193092
193093
193094
193095
193096
193097
193098
193099
193100
193101
193102
193103
193104
193105
193106
193107
193108
193109
193110
194074
194075
194076
194077
194078
194079
194080
194081
194082
194083
194084
194085
194086
194087
194088
194089
194090
194091
194092
194093
194094
194095
194096
194097
194098
194099
194100
194101
194102
194103
194104
194105
194106
194107
194108
194109
194110
194111
195073
195074
195075
195076
195077
195078
195079
195080
195081
195082
195083
195084
195085
195086
195087
195088
195089
195090
195091
195092
195093
195094
195095
195096
195097
195098
195099
195100
195101
195102
195103
195104
195105
195106
195107
195108
195109
195110
195111
195112
195113
195114
195115
196064
196065
196066
196067
196068
196069
196070
196071
196072
196073
196074
196075
196076
196077
196078
196079
196080
196081
196082
196083
196084
196085
196086
196087
196088
196089
196090
196091
196092
196093
196094
196095
196096
196097
196098
196099
196100
196101
196102
196103
196104
196105
196106
196107
196108
196109
196110
196111
196112
196113
196114
196115
196116
196117
196118
196119
196120
196121
196122
196123
196124
196125
196126
197061
197062
197063
197064
197065
197066
197067
197068
197069
197070
197071
197072
197073
197074
197075
197076
197077
197078
197079
197080
197081
197082
197083
197084
197085
197086
197087
197088
197089
197090
197091
197092
197093
197094
197095
197096
197097
197098
197099
197100
197101
197102
197103
197104
197105
197106
197107
197108
197109
197110
197111
197112
197113
197114
197115
197116
197117
197118
197119
197120
197121
197122
197123
197124
197125
197126
197127
197128
197129
197130
197169
197170
197171
198062
198063
198064
198065
198066
198067
198068
198069
198070
198071
198072
198073
198074
198075
198076
198077
198078
198079
198080
198081
198082
198083
198084
198085
198086
198087
198088
198089
198090
198091
198092
198093
198094
198095
198096
198097
198098
198099
198100
198101
198102
198103
198104
198105
198106
198107
198108
198109
198110
198111
198112
198113
198114
198115
198116
198117
198118
198119
198120
198121
198122
198123
198124
198125
198126
198127
198128
198129
198130
198131
198132
198133
198134
198135
198136
198168
198169
198170
198171
199057
199058
199059
199060
199061
199062
199063
199064
199065
199066
199067
199068
199069
199070
199071
199072
199073
199074
199075
199076
199077
199078
199079
199080
199081
199082
199083
199084
199085
199086
199087
199088
199089
199090
199091
199092
199093
199094
199095
199096
199097
199098
199099
199100
199101
199102
199103
199104
199105
199106
199107
199108
199109
199110
199111
199112
199113
199114
199115
199116
199117
199118
199119
199120
199121
199122
199123
199124
199125
199126
199127
199128
199129
199130
199131
199132
199133
199134
199135
199136
199137
199138
199139
199140
199141
199142
199143
199144
199145
199146
199147
199148
199149
199150
199151
199152
199154
199155
199156
199157
199166
199167
199168
199169
199170
200052
200053
200054
200055
200056
200057
200058
200059
200060
200061
200062
200063
200064
200065
200066
200067
200068
200069
200070
200071
200072
200073
200074
200075
200076
200077
200078
200079
200080
200081
200082
200083
200084
200085
200086
200087
200088
200089
200090
200091
200092
200093
200094
200095
200096
200097
200098
200099
200100
200101
200102
200103
200104
200105
200106
200107
200108
200109
200110
200111
200112
200113
200114
200115
200116
200117
200118
200119
200120
200121
200122
200123
200124
200125
200126
200127
200128
200129
200130
200131
200132
200133
200134
200135
200136
200137
200138
200139
200140
200141
200142
200143
200144
200145
200146
200147
200148
200149
200150
200151
200152
200153
200154
200155
200156
200157
200158
200159
200160
200161
200162
200163
200164
200165
200166
200167
200168
200169
200170
201049
201050
201051
201052
201053
201054
201055
201056
201057
201058
201059
201060
201061
201062
201063
201064
201065
201066
201067
201068
201069
201070
201071
201072
201073
201074
201075
201076
201077
201078
201079
201080
201081
201082
201083
201084
201085
201086
201087
201088
201089
201090
201091
201092
201093
201094
201095
201096
201097
201098
201099
201100
201101
201102
201103
201104
201105
201106
201107
201108
201109
201110
201111
201112
201113
201114
201115
201116
201117
201118
201119
201120
201121
201122
201123
201124
201125
201126
201127
201128
201129
201130
201131
201132
201133
201134
201135
201136
201137
201138
201139
201140
201141
201142
201143
201144
201145
201146
201147
201148
201149
201150
201151
201152
201153
201154
201155
201156
201157
201158
201159
201160
201161
201162
201163
201164
201165
201166
201167
201168
201169
202046
202047
202048
202049
202050
202051
202052
202053
202054
202055
202056
202057
202058
202059
202060
202061
202062
202063
202064
202065
202066
202067
202068
202069
202070
202071
202072
202073
202074
202075
202076
202077
202078
202079
202080
202081
202082
202083
202084
202085
202086
202087
202088
202089
202090
202091
202092
202093
202094
202095
202096
202097
202098
202099
202100
202101
202102
202103
202104
202105
202106
202107
202108
202109
202110
202111
202112
202113
202114
202115
202116
202117
202118
202119
202120
202121
202122
202123
202124
202125
202126
202127
202128
202129
202130
202131
202132
202133
202134
202135
202136
202137
202138
202139
202140
202141
202142
202143
202144
202145
202146
202147
202148
202149
202150
202151
202152
202153
202154
202155
202156
202157
202158
202159
202160
202161
202162
202163
202164
202165
202166
202167
202168
203044
203045
203046
203047
203048
203049
203050
203051
203052
203053
203054
203055
203056
203057
203058
203059
203060
203061
203062
203063
203064
203065
203066
203067
203068
203069
203070
203071
203072
203073
203074
203075
203076
203077
203078
203079
203080
203081
203082
203083
203084
203085
203086
203087
203088
203089
203090
203091
203092
203093
203094
203095
203096
203097
203098
203099
203100
203101
203102
203103
203104
203105
203106
203107
203108
203109
203110
203111
203112
203113
203114
203115
203116
203117
203118
203119
203120
203121
203122
203123
203124
203125
203126
203127
203128
203129
203130
203131
203132
203133
203134
203135
203136
203137
203138
203139
203140
203141
203142
203143
203144
203145
203146
203147
203148
203149
203150
203151
203152
203153
203154
203155
203156
203157
203158
203159
203160
203161
203162
203163
203164
203165
203166
203167
204041
204042
204043
204044
204045
204046
204047
204048
204049
204050
204051
204052
204053
204054
204055
204056
204057
204058
204059
204060
204061
204062
204063
204064
204065
204066
204067
204068
204069
204070
204071
204072
204073
204074
204075
204076
204077
204078
204079
204080
204081
204082
204083
204084
204085
204086
204087
204088
204089
204090
204091
204092
204093
204094
204095
204096
204097
204098
204099
204100
204101
204102
204103
204104
204105
204106
204107
204108
204109
204110
204111
204112
204113
204114
204115
204116
204117
204118
204119
204120
204121
204122
204123
204124
204125
204126
204127
204128
204129
204130
204131
204132
204133
204134
204135
204136
204137
204138
204139
204140
204141
204142
204143
204144
204145
204146
204147
204148
204149
204150
204151
204152
204153
204154
204155
204156
204157
204158
204159
204160
204161
204162
204163
205041
205042
205043
205044
205045
205046
205047
205048
205049
205050
205051
205052
205053
205054
205055
205056
205057
205058
205059
205060
205061
205062
205063
205064
205065
205066
205067
205068
205069
205070
205071
205072
205073
205074
205075
205076
205077
205078
205079
205080
205081
205082
205083
205084
205085
205086
205087
205088
205089
205090
205091
205092
205093
205094
205095
205096
205097
205098
205099
205100
205101
205102
205103
205104
205105
205106
205107
205108
205109
205110
205111
205112
205113
205114
205115
205116
205117
205118
205119
205120
205121
205122
205123
205124
205125
205126
205127
205128
205129
205130
205131
205132
205133
205134
205135
205136
205137
205138
205139
205140
205141
205142
205143
205144
205145
205146
205147
205148
205149
205150
205151
205152
205153
205154
205155
205156
205157
206037
206038
206039
206040
206041
206042
206043
206044
206045
206046
206047
206048
206049
206050
206051
206052
206053
206054
206055
206056
206057
206058
206059
206060
206061
206062
206063
206064
206065
206066
206067
206068
206069
206070
206071
206072
206073
206074
206075
206076
206077
206078
206079
206080
206081
206082
206083
206084
206085
206086
206087
206088
206089
206090
206091
206092
206093
206094
206095
206096
206097
206098
206099
206100
206101
206102
206103
206104
206105
206106
206107
206108
206109
206110
206111
206112
206113
206114
206115
206116
206117
206118
206119
206120
206121
206122
206123
206124
206125
206126
206127
206128
206129
206130
206131
206132
206133
206134
206135
206136
206137
206138
206139
206140
206141
206142
206143
206144
207034
207035
207036
207037
207038
207039
207040
207041
207042
207043
207044
207045
207046
207047
207048
207049
207050
207051
207052
207053
207054
207055
207056
207057
207058
207059
207060
207061
207062
207063
207064
207065
207066
207067
207068
207069
207070
207071
207072
207073
207074
207075
207076
207077
207078
207079
207080
207081
207082
207083
207084
207085
207086
207087
207088
207089
207090
207091
207092
207093
207094
207095
207096
207097
207098
207099
207100
207101
207102
207103
207104
207105
207106
207107
207108
207109
207110
207111
207112
207113
207114
207115
207116
207117
207118
207119
207120
207121
207122
207123
207124
207125
207126
207127
207128
207129
207130
207131
207132
207133
207134
207135
207136
207137
207138
207139
207140
207141
207142
207143
207144
