ReachID
1
2
3
4
5
6
7
8
9
10
12
13
15
16
18
19
21
25
26
53
58
59
60
61
62
63
64
65
66
78
79
80
126
127
129
131
132
133
134
135
136
137
138
139
140
141
142
143
144
145
146
147
148
149
150
151
152
153
154
155
156
157
158
159
160
161
162
163
164
165
166
167
168
169
170
172
201
202
203
204
205
206
207
208
222
223
243
248
249
250
251
252
253
254
255
256
257
258
259
260
261
262
263
264
265
266
267
268
269
271
272
274
292
293
294
295
296
297
298
301
302
303
304
305
306
307
308
309
310
312
313
315
316
317
318
319
321
323
324
325
326
353
358
359
360
361
362
363
364
365
366
378
379
380
398
426
427
428
429
431
432
433
434
435
436
437
438
439
440
441
442
443
444
445
446
447
448
449
450
451
452
453
454
455
456
457
458
459
460
461
462
463
464
465
466
467
468
469
470
472
